timestamp,dst_port,state,cc_algo,rto_ms,rtt_ms,rtt_var_ms,min_rtt_ms,mss_bytes,cwnd_pkts,cwnd_bytes,ssthresh_bytes,bytes_sent,bytes_acked,bytes_received,bytes_retrans,segs_out,segs_in,data_segs_out,data_segs_in,retrans_outstanding,retrans_total,pacing_rate_bps,delivery_rate_bps,delivered_pkts,snd_wnd_bytes,rcv_wnd_bytes,unacked_pkts,notsent_bytes
2026-04-10 15:15:44.309,53986,ESTAB,cubic,224,20.779,6.266,20.085,1448,10,14480,NaN,2883,2883,408,NaN,4,5,2,1,NaN,NaN,11149512,1152464,3,48640,43520,NaN,NaN
2026-04-10 15:15:45.235,53992,ESTAB,cubic,232,28.653,0.191,20.088,1448,36,52128,52128,148504,125336,822,NaN,104,48,103,2,NaN,NaN,17464680,6686720,88,113664,43520,16,67343
2026-04-10 15:15:45.470,53992,ESTAB,cubic,232,30.175,0.582,20.088,1448,25,36200,36200,309327,286159,1644,NaN,216,108,215,4,NaN,NaN,11516816,5859376,200,114176,43520,16,146248
2026-04-10 15:15:45.695,53992,ESTAB,cubic,232,29.49,1.212,20.088,1448,25,36200,36200,499015,474399,1644,NaN,347,173,346,4,NaN,NaN,11783984,6322280,330,114176,43520,17,182448
2026-04-10 15:15:45.920,53992,ESTAB,cubic,232,28.991,0.336,20.088,1448,25,36200,36200,687255,662639,1644,NaN,477,238,476,4,NaN,NaN,11986800,6687576,460,114176,43520,17,220096
2026-04-10 15:15:46.145,53992,ESTAB,cubic,232,30.399,0.177,20.088,1448,30,43440,36200,874047,850879,1644,NaN,606,300,605,4,NaN,NaN,13718056,5837232,590,184320,43520,16,145452
2026-04-10 15:15:46.386,53992,ESTAB,cubic,232,28.85,0.207,20.088,1448,30,43440,36200,1019499,1018847,1644,NaN,707,358,706,4,NaN,NaN,14454528,6691008,706,184320,43520,1,NaN
2026-04-10 15:15:46.627,53992,ESTAB,cubic,236,34.022,10.498,20.088,1448,30,43440,36200,1019499,1019499,1644,NaN,707,359,706,4,NaN,NaN,12257480,2396816,707,184832,43520,NaN,NaN
2026-04-10 15:15:46.870,53992,ESTAB,cubic,236,34.022,10.498,20.088,1448,30,43440,36200,1019499,1019499,1644,NaN,707,359,706,4,NaN,NaN,12257480,2396816,707,184832,43520,NaN,NaN
2026-04-10 15:15:47.122,53992,ESTAB,cubic,232,28.685,6.129,20.088,1448,18,26064,36200,1056886,1033718,2468,NaN,733,367,732,6,NaN,NaN,8722792,3060400,717,184832,43520,16,238920
2026-04-10 15:15:47.369,53992,ESTAB,cubic,228,26.897,1.469,20.088,1448,20,28960,27512,1265398,1242230,2468,NaN,877,441,876,6,NaN,NaN,10336072,6704672,861,184832,43520,16,160728
2026-04-10 15:15:47.621,53992,ESTAB,cubic,232,28.466,0.499,20.088,1448,20,28960,27512,1475358,1446398,2468,NaN,1022,513,1021,6,NaN,NaN,9766296,6676880,1002,184832,43520,20,211408
2026-04-10 15:15:47.876,53992,ESTAB,cubic,232,28.684,0.217,20.088,1448,21,30408,27512,1685318,1659254,2468,NaN,1167,583,1166,6,NaN,NaN,10176768,6697672,1149,184832,43520,18,131768
2026-04-10 15:15:48.115,53992,ESTAB,cubic,232,28.67,0.218,20.088,1448,21,30408,27512,1888038,1863422,2468,NaN,1307,655,1306,6,NaN,NaN,10181736,6687360,1290,184832,43520,17,180258
2026-04-10 15:15:48.342,53992,ESTAB,cubic,232,28.642,0.217,20.088,1448,21,30408,27512,2068296,2050214,2468,NaN,1432,721,1431,6,NaN,NaN,10191688,6688432,1419,184832,43520,13,NaN
2026-04-10 15:15:48.583,53992,ESTAB,cubic,232,29.43,1.12,20.088,1448,21,30408,27512,2257736,2233120,2884,NaN,1563,786,1562,7,NaN,NaN,9918720,6286464,1546,184832,43520,17,214304
2026-04-10 15:15:48.820,53992,ESTAB,cubic,232,29.303,0.411,20.088,1448,21,30408,27512,2453216,2430048,2884,NaN,1698,854,1697,7,NaN,NaN,9962008,6673024,1682,184832,43520,16,149144
2026-04-10 15:15:49.047,53992,ESTAB,cubic,232,29.476,1.2,20.088,1448,21,30408,27512,2645800,2621184,2884,NaN,1831,920,1830,7,NaN,NaN,9903456,6295008,1814,184832,43520,17,217200
2026-04-10 15:15:49.282,54000,ESTAB,cubic,224,21.943,6.555,21.527,1448,10,14480,NaN,2883,2883,408,NaN,4,5,2,1,NaN,NaN,10557840,995656,3,48640,43520,NaN,NaN
2026-04-10 15:15:49.513,54000,ESTAB,cubic,224,21.943,6.555,21.527,1448,10,14480,NaN,2883,2883,408,NaN,4,5,2,1,NaN,NaN,10557840,995656,3,48640,43520,NaN,NaN
2026-04-10 15:15:49.743,54000,ESTAB,cubic,224,21.943,6.555,21.527,1448,10,14480,NaN,2883,2883,408,NaN,4,5,2,1,NaN,NaN,10557840,995656,3,48640,43520,NaN,NaN
2026-04-10 15:15:49.970,54000,ESTAB,cubic,224,21.943,6.555,21.527,1448,10,14480,NaN,2883,2883,408,NaN,4,5,2,1,NaN,NaN,10557840,995656,3,48640,43520,NaN,NaN
2026-04-10 15:15:50.205,54000,ESTAB,cubic,224,21.943,6.555,21.527,1448,10,14480,NaN,2883,2883,408,NaN,4,5,2,1,NaN,NaN,10557840,995656,3,48640,43520,NaN,NaN
2026-04-10 15:15:50.434,54000,ESTAB,cubic,224,21.943,6.555,21.527,1448,10,14480,NaN,2883,2883,408,NaN,4,5,2,1,NaN,NaN,10557840,995656,3,48640,43520,NaN,NaN
2026-04-10 15:15:50.664,54000,ESTAB,cubic,224,21.943,6.555,21.527,1448,10,14480,NaN,2883,2883,408,NaN,4,5,2,1,NaN,NaN,10557840,995656,3,48640,43520,NaN,NaN
2026-04-10 15:15:50.895,54000,ESTAB,cubic,224,21.943,6.555,21.527,1448,10,14480,NaN,2883,2883,408,NaN,4,5,2,1,NaN,NaN,10557840,995656,3,48640,43520,NaN,NaN
2026-04-10 15:15:51.138,54000,ESTAB,cubic,224,21.943,6.555,21.527,1448,10,14480,NaN,2883,2883,408,NaN,4,5,2,1,NaN,NaN,10557840,995656,3,48640,43520,NaN,NaN
2026-04-10 15:15:51.379,54000,ESTAB,cubic,224,21.943,6.555,21.527,1448,10,14480,NaN,2883,2883,408,NaN,4,5,2,1,NaN,NaN,10557840,995656,3,48640,43520,NaN,NaN
2026-04-10 15:15:51.616,54000,ESTAB,cubic,224,21.943,6.555,21.527,1448,10,14480,NaN,2883,2883,408,NaN,4,5,2,1,NaN,NaN,10557840,995656,3,48640,43520,NaN,NaN
2026-04-10 15:15:51.855,54000,ESTAB,cubic,224,21.943,6.555,21.527,1448,10,14480,NaN,2883,2883,408,NaN,4,5,2,1,NaN,NaN,10557840,995656,3,48640,43520,NaN,NaN
2026-04-10 15:15:52.102,54000,ESTAB,cubic,224,21.943,6.555,21.527,1448,10,14480,NaN,2883,2883,408,NaN,4,5,2,1,NaN,NaN,10557840,995656,3,48640,43520,NaN,NaN
2026-04-10 15:15:52.348,54000,ESTAB,cubic,224,21.943,6.555,21.527,1448,10,14480,NaN,2883,2883,408,NaN,4,5,2,1,NaN,NaN,10557840,995656,3,48640,43520,NaN,NaN
2026-04-10 15:15:52.576,54000,ESTAB,cubic,224,21.943,6.555,21.527,1448,10,14480,NaN,2883,2883,408,NaN,4,5,2,1,NaN,NaN,10557840,995656,3,48640,43520,NaN,NaN
2026-04-10 15:15:52.814,54000,ESTAB,cubic,224,21.943,6.555,21.527,1448,10,14480,NaN,2883,2883,408,NaN,4,5,2,1,NaN,NaN,10557840,995656,3,48640,43520,NaN,NaN
2026-04-10 15:15:53.056,54000,ESTAB,cubic,224,21.943,6.555,21.527,1448,10,14480,NaN,2883,2883,408,NaN,4,5,2,1,NaN,NaN,10557840,995656,3,48640,43520,NaN,NaN
2026-04-10 15:15:53.294,54000,ESTAB,cubic,224,21.943,6.555,21.527,1448,10,14480,NaN,2883,2883,408,NaN,4,5,2,1,NaN,NaN,10557840,995656,3,48640,43520,NaN,NaN
2026-04-10 15:15:53.530,54000,ESTAB,cubic,224,21.943,6.555,21.527,1448,10,14480,NaN,2883,2883,408,NaN,4,5,2,1,NaN,NaN,10557840,995656,3,48640,43520,NaN,NaN
2026-04-10 15:15:53.770,54000,ESTAB,cubic,224,21.943,6.555,21.527,1448,10,14480,NaN,2883,2883,408,NaN,4,5,2,1,NaN,NaN,10557840,995656,3,48640,43520,NaN,NaN
2026-04-10 15:15:54.010,54000,ESTAB,cubic,224,21.943,6.555,21.527,1448,10,14480,NaN,2883,2883,408,NaN,4,5,2,1,NaN,NaN,10557840,995656,3,48640,43520,NaN,NaN
2026-04-10 15:15:54.248,54000,ESTAB,cubic,224,21.943,6.555,21.527,1448,10,14480,NaN,2883,2883,408,NaN,4,5,2,1,NaN,NaN,10557840,995656,3,48640,43520,NaN,NaN
2026-04-10 15:15:54.483,54000,ESTAB,cubic,224,21.943,6.555,21.527,1448,10,14480,NaN,2883,2883,408,NaN,4,5,2,1,NaN,NaN,10557840,995656,3,48640,43520,NaN,NaN
2026-04-10 15:15:54.710,54000,ESTAB,cubic,224,21.943,6.555,21.527,1448,10,14480,NaN,2883,2883,408,NaN,4,5,2,1,NaN,NaN,10557840,995656,3,48640,43520,NaN,NaN
2026-04-10 15:15:54.947,54000,ESTAB,cubic,224,21.943,6.555,21.527,1448,10,14480,NaN,2883,2883,408,NaN,4,5,2,1,NaN,NaN,10557840,995656,3,48640,43520,NaN,NaN
2026-04-10 15:15:55.192,54000,ESTAB,cubic,224,21.943,6.555,21.527,1448,10,14480,NaN,2883,2883,408,NaN,4,5,2,1,NaN,NaN,10557840,995656,3,48640,43520,NaN,NaN
2026-04-10 15:15:55.438,54000,ESTAB,cubic,224,21.943,6.555,21.527,1448,10,14480,NaN,2883,2883,408,NaN,4,5,2,1,NaN,NaN,10557840,995656,3,48640,43520,NaN,NaN
2026-04-10 15:15:55.688,54000,ESTAB,cubic,224,21.943,6.555,21.527,1448,10,14480,NaN,2883,2883,408,NaN,4,5,2,1,NaN,NaN,10557840,995656,3,48640,43520,NaN,NaN
2026-04-10 15:15:55.932,54000,ESTAB,cubic,224,21.943,6.555,21.527,1448,10,14480,NaN,2883,2883,408,NaN,4,5,2,1,NaN,NaN,10557840,995656,3,48640,43520,NaN,NaN
2026-04-10 15:15:56.159,54000,ESTAB,cubic,224,21.943,6.555,21.527,1448,10,14480,NaN,2883,2883,408,NaN,4,5,2,1,NaN,NaN,10557840,995656,3,48640,43520,NaN,NaN
2026-04-10 15:15:56.395,54000,ESTAB,cubic,224,21.943,6.555,21.527,1448,10,14480,NaN,2883,2883,408,NaN,4,5,2,1,NaN,NaN,10557840,995656,3,48640,43520,NaN,NaN
2026-04-10 15:15:56.630,54000,ESTAB,cubic,224,21.943,6.555,21.527,1448,10,14480,NaN,2883,2883,408,NaN,4,5,2,1,NaN,NaN,10557840,995656,3,48640,43520,NaN,NaN
2026-04-10 15:15:56.871,54000,ESTAB,cubic,224,21.943,6.555,21.527,1448,10,14480,NaN,2883,2883,408,NaN,4,5,2,1,NaN,NaN,10557840,995656,3,48640,43520,NaN,NaN
2026-04-10 15:15:57.114,54000,ESTAB,cubic,224,21.943,6.555,21.527,1448,10,14480,NaN,2883,2883,408,NaN,4,5,2,1,NaN,NaN,10557840,995656,3,48640,43520,NaN,NaN
2026-04-10 15:15:57.357,54000,ESTAB,cubic,224,21.943,6.555,21.527,1448,10,14480,NaN,2883,2883,408,NaN,4,5,2,1,NaN,NaN,10557840,995656,3,48640,43520,NaN,NaN
2026-04-10 15:15:57.592,54000,ESTAB,cubic,224,21.943,6.555,21.527,1448,10,14480,NaN,2883,2883,408,NaN,4,5,2,1,NaN,NaN,10557840,995656,3,48640,43520,NaN,NaN
2026-04-10 15:15:57.831,54000,ESTAB,cubic,224,21.943,6.555,21.527,1448,10,14480,NaN,2883,2883,408,NaN,4,5,2,1,NaN,NaN,10557840,995656,3,48640,43520,NaN,NaN
2026-04-10 15:15:58.062,54000,ESTAB,cubic,224,21.943,6.555,21.527,1448,10,14480,NaN,2883,2883,408,NaN,4,5,2,1,NaN,NaN,10557840,995656,3,48640,43520,NaN,NaN
2026-04-10 15:15:58.296,54000,ESTAB,cubic,224,21.943,6.555,21.527,1448,10,14480,NaN,2883,2883,408,NaN,4,5,2,1,NaN,NaN,10557840,995656,3,48640,43520,NaN,NaN
2026-04-10 15:15:58.541,54000,ESTAB,cubic,224,21.943,6.555,21.527,1448,10,14480,NaN,2883,2883,408,NaN,4,5,2,1,NaN,NaN,10557840,995656,3,48640,43520,NaN,NaN
2026-04-10 15:15:58.785,54000,ESTAB,cubic,224,21.943,6.555,21.527,1448,10,14480,NaN,2883,2883,408,NaN,4,5,2,1,NaN,NaN,10557840,995656,3,48640,43520,NaN,NaN
2026-04-10 15:15:59.029,54000,ESTAB,cubic,224,21.943,6.555,21.527,1448,10,14480,NaN,2883,2883,408,NaN,4,5,2,1,NaN,NaN,10557840,995656,3,48640,43520,NaN,NaN
2026-04-10 15:15:59.274,54000,ESTAB,cubic,224,21.943,6.555,21.527,1448,10,14480,NaN,2883,2883,408,NaN,4,5,2,1,NaN,NaN,10557840,995656,3,48640,43520,NaN,NaN
2026-04-10 15:15:59.513,54000,ESTAB,cubic,224,21.943,6.555,21.527,1448,10,14480,NaN,2883,2883,408,NaN,4,5,2,1,NaN,NaN,10557840,995656,3,48640,43520,NaN,NaN
2026-04-10 15:15:59.742,54000,ESTAB,cubic,224,21.943,6.555,21.527,1448,10,14480,NaN,2883,2883,408,NaN,4,5,2,1,NaN,NaN,10557840,995656,3,48640,43520,NaN,NaN
2026-04-10 15:15:59.976,54000,ESTAB,cubic,224,21.943,6.555,21.527,1448,10,14480,NaN,2883,2883,408,NaN,4,5,2,1,NaN,NaN,10557840,995656,3,48640,43520,NaN,NaN
2026-04-10 15:16:00.224,54000,ESTAB,cubic,224,21.943,6.555,21.527,1448,10,14480,NaN,2883,2883,408,NaN,4,5,2,1,NaN,NaN,10557840,995656,3,48640,43520,NaN,NaN
2026-04-10 15:16:00.467,54000,ESTAB,cubic,224,21.943,6.555,21.527,1448,10,14480,NaN,2883,2883,408,NaN,4,5,2,1,NaN,NaN,10557840,995656,3,48640,43520,NaN,NaN
2026-04-10 15:16:00.719,54000,ESTAB,cubic,224,21.943,6.555,21.527,1448,10,14480,NaN,2883,2883,408,NaN,4,5,2,1,NaN,NaN,10557840,995656,3,48640,43520,NaN,NaN
2026-04-10 15:16:00.948,54000,ESTAB,cubic,224,21.943,6.555,21.527,1448,10,14480,NaN,2883,2883,408,NaN,4,5,2,1,NaN,NaN,10557840,995656,3,48640,43520,NaN,NaN
2026-04-10 15:16:01.170,54000,ESTAB,cubic,224,21.943,6.555,21.527,1448,10,14480,NaN,2883,2883,408,NaN,4,5,2,1,NaN,NaN,10557840,995656,3,48640,43520,NaN,NaN
2026-04-10 15:16:01.397,54000,ESTAB,cubic,224,21.943,6.555,21.527,1448,10,14480,NaN,2883,2883,408,NaN,4,5,2,1,NaN,NaN,10557840,995656,3,48640,43520,NaN,NaN
2026-04-10 15:16:01.628,54000,ESTAB,cubic,224,21.943,6.555,21.527,1448,10,14480,NaN,2883,2883,408,NaN,4,5,2,1,NaN,NaN,10557840,995656,3,48640,43520,NaN,NaN
2026-04-10 15:16:01.878,54000,ESTAB,cubic,224,21.943,6.555,21.527,1448,10,14480,NaN,2883,2883,408,NaN,4,5,2,1,NaN,NaN,10557840,995656,3,48640,43520,NaN,NaN
2026-04-10 15:16:02.119,54000,ESTAB,cubic,224,21.943,6.555,21.527,1448,10,14480,NaN,2883,2883,408,NaN,4,5,2,1,NaN,NaN,10557840,995656,3,48640,43520,NaN,NaN
2026-04-10 15:16:02.358,54000,ESTAB,cubic,224,21.943,6.555,21.527,1448,10,14480,NaN,2883,2883,408,NaN,4,5,2,1,NaN,NaN,10557840,995656,3,48640,43520,NaN,NaN
2026-04-10 15:16:02.599,54000,ESTAB,cubic,224,21.943,6.555,21.527,1448,10,14480,NaN,2883,2883,408,NaN,4,5,2,1,NaN,NaN,10557840,995656,3,48640,43520,NaN,NaN
2026-04-10 15:16:02.842,54000,ESTAB,cubic,224,21.943,6.555,21.527,1448,10,14480,NaN,2883,2883,408,NaN,4,5,2,1,NaN,NaN,10557840,995656,3,48640,43520,NaN,NaN
2026-04-10 15:16:03.086,54000,ESTAB,cubic,224,21.943,6.555,21.527,1448,10,14480,NaN,2883,2883,408,NaN,4,5,2,1,NaN,NaN,10557840,995656,3,48640,43520,NaN,NaN
2026-04-10 15:16:03.335,54000,ESTAB,cubic,224,21.943,6.555,21.527,1448,10,14480,NaN,2883,2883,408,NaN,4,5,2,1,NaN,NaN,10557840,995656,3,48640,43520,NaN,NaN
2026-04-10 15:16:03.582,54000,ESTAB,cubic,224,21.943,6.555,21.527,1448,10,14480,NaN,2883,2883,408,NaN,4,5,2,1,NaN,NaN,10557840,995656,3,48640,43520,NaN,NaN
2026-04-10 15:16:03.830,54000,ESTAB,cubic,224,21.943,6.555,21.527,1448,10,14480,NaN,2883,2883,408,NaN,4,5,2,1,NaN,NaN,10557840,995656,3,48640,43520,NaN,NaN
2026-04-10 15:16:04.080,54000,ESTAB,cubic,224,21.943,6.555,21.527,1448,10,14480,NaN,2883,2883,408,NaN,4,5,2,1,NaN,NaN,10557840,995656,3,48640,43520,NaN,NaN
2026-04-10 15:16:04.330,54000,ESTAB,cubic,224,21.943,6.555,21.527,1448,10,14480,NaN,2883,2883,408,NaN,5,6,2,1,NaN,NaN,10557840,995656,3,48640,43520,NaN,NaN
2026-04-10 15:16:04.585,54000,ESTAB,cubic,224,21.943,6.555,21.527,1448,10,14480,NaN,2883,2883,408,NaN,5,6,2,1,NaN,NaN,10557840,995656,3,48640,43520,NaN,NaN
2026-04-10 15:16:04.846,54000,ESTAB,cubic,224,21.943,6.555,21.527,1448,10,14480,NaN,2883,2883,408,NaN,5,6,2,1,NaN,NaN,10557840,995656,3,48640,43520,NaN,NaN
2026-04-10 15:16:05.110,54000,ESTAB,cubic,224,21.943,6.555,21.527,1448,10,14480,NaN,2883,2883,408,NaN,5,6,2,1,NaN,NaN,10557840,995656,3,48640,43520,NaN,NaN
2026-04-10 15:16:05.376,54000,ESTAB,cubic,224,21.943,6.555,21.527,1448,10,14480,NaN,2883,2883,408,NaN,5,6,2,1,NaN,NaN,10557840,995656,3,48640,43520,NaN,NaN
2026-04-10 15:16:05.618,54000,ESTAB,cubic,224,21.943,6.555,21.527,1448,10,14480,NaN,2883,2883,408,NaN,5,6,2,1,NaN,NaN,10557840,995656,3,48640,43520,NaN,NaN
2026-04-10 15:16:05.865,54000,ESTAB,cubic,224,21.943,6.555,21.527,1448,10,14480,NaN,2883,2883,408,NaN,5,6,2,1,NaN,NaN,10557840,995656,3,48640,43520,NaN,NaN
2026-04-10 15:16:06.112,54000,ESTAB,cubic,224,21.943,6.555,21.527,1448,10,14480,NaN,2883,2883,408,NaN,5,6,2,1,NaN,NaN,10557840,995656,3,48640,43520,NaN,NaN
2026-04-10 15:16:06.371,54000,ESTAB,cubic,224,21.943,6.555,21.527,1448,10,14480,NaN,2883,2883,408,NaN,5,6,2,1,NaN,NaN,10557840,995656,3,48640,43520,NaN,NaN
2026-04-10 15:16:06.613,54000,ESTAB,cubic,224,21.943,6.555,21.527,1448,10,14480,NaN,2883,2883,408,NaN,5,6,2,1,NaN,NaN,10557840,995656,3,48640,43520,NaN,NaN
2026-04-10 15:16:06.857,54000,ESTAB,cubic,224,21.943,6.555,21.527,1448,10,14480,NaN,2883,2883,408,NaN,5,6,2,1,NaN,NaN,10557840,995656,3,48640,43520,NaN,NaN
2026-04-10 15:16:07.101,54000,ESTAB,cubic,224,21.943,6.555,21.527,1448,10,14480,NaN,2883,2883,408,NaN,5,6,2,1,NaN,NaN,10557840,995656,3,48640,43520,NaN,NaN
2026-04-10 15:16:07.346,54000,ESTAB,cubic,224,21.943,6.555,21.527,1448,10,14480,NaN,2883,2883,408,NaN,5,6,2,1,NaN,NaN,10557840,995656,3,48640,43520,NaN,NaN
2026-04-10 15:16:07.592,54000,ESTAB,cubic,224,21.943,6.555,21.527,1448,10,14480,NaN,2883,2883,408,NaN,5,6,2,1,NaN,NaN,10557840,995656,3,48640,43520,NaN,NaN
2026-04-10 15:16:07.832,54000,ESTAB,cubic,224,21.943,6.555,21.527,1448,10,14480,NaN,2883,2883,408,NaN,5,6,2,1,NaN,NaN,10557840,995656,3,48640,43520,NaN,NaN
2026-04-10 15:16:08.090,54000,ESTAB,cubic,224,21.943,6.555,21.527,1448,10,14480,NaN,2883,2883,408,NaN,5,6,2,1,NaN,NaN,10557840,995656,3,48640,43520,NaN,NaN
2026-04-10 15:16:08.331,54000,ESTAB,cubic,224,21.943,6.555,21.527,1448,10,14480,NaN,2883,2883,408,NaN,5,6,2,1,NaN,NaN,10557840,995656,3,48640,43520,NaN,NaN
2026-04-10 15:16:08.573,54000,ESTAB,cubic,224,21.943,6.555,21.527,1448,10,14480,NaN,2883,2883,408,NaN,5,6,2,1,NaN,NaN,10557840,995656,3,48640,43520,NaN,NaN
2026-04-10 15:16:08.803,54000,ESTAB,cubic,224,21.943,6.555,21.527,1448,10,14480,NaN,2883,2883,408,NaN,5,6,2,1,NaN,NaN,10557840,995656,3,48640,43520,NaN,NaN
2026-04-10 15:16:09.048,54000,ESTAB,cubic,224,21.943,6.555,21.527,1448,10,14480,NaN,2883,2883,408,NaN,5,6,2,1,NaN,NaN,10557840,995656,3,48640,43520,NaN,NaN
2026-04-10 15:16:09.295,54000,ESTAB,cubic,224,21.943,6.555,21.527,1448,10,14480,NaN,2883,2883,408,NaN,5,6,2,1,NaN,NaN,10557840,995656,3,48640,43520,NaN,NaN
2026-04-10 15:16:09.530,54000,ESTAB,cubic,224,21.943,6.555,21.527,1448,10,14480,NaN,2883,2883,408,NaN,5,6,2,1,NaN,NaN,10557840,995656,3,48640,43520,NaN,NaN
2026-04-10 15:16:09.761,54000,ESTAB,cubic,224,21.943,6.555,21.527,1448,10,14480,NaN,2883,2883,408,NaN,5,6,2,1,NaN,NaN,10557840,995656,3,48640,43520,NaN,NaN
2026-04-10 15:16:09.992,54000,ESTAB,cubic,224,21.943,6.555,21.527,1448,10,14480,NaN,2883,2883,408,NaN,5,6,2,1,NaN,NaN,10557840,995656,3,48640,43520,NaN,NaN
2026-04-10 15:16:10.220,54000,ESTAB,cubic,224,21.943,6.555,21.527,1448,10,14480,NaN,2883,2883,408,NaN,5,6,2,1,NaN,NaN,10557840,995656,3,48640,43520,NaN,NaN
2026-04-10 15:16:10.458,54000,ESTAB,cubic,224,21.943,6.555,21.527,1448,10,14480,NaN,2883,2883,408,NaN,5,6,2,1,NaN,NaN,10557840,995656,3,48640,43520,NaN,NaN
2026-04-10 15:16:10.699,54000,ESTAB,cubic,224,21.943,6.555,21.527,1448,10,14480,NaN,2883,2883,408,NaN,5,6,2,1,NaN,NaN,10557840,995656,3,48640,43520,NaN,NaN
2026-04-10 15:16:10.940,54000,ESTAB,cubic,224,21.943,6.555,21.527,1448,10,14480,NaN,2883,2883,408,NaN,5,6,2,1,NaN,NaN,10557840,995656,3,48640,43520,NaN,NaN
2026-04-10 15:16:11.178,54000,ESTAB,cubic,224,21.943,6.555,21.527,1448,10,14480,NaN,2883,2883,408,NaN,5,6,2,1,NaN,NaN,10557840,995656,3,48640,43520,NaN,NaN
2026-04-10 15:16:11.425,54000,ESTAB,cubic,224,21.943,6.555,21.527,1448,10,14480,NaN,2883,2883,408,NaN,5,6,2,1,NaN,NaN,10557840,995656,3,48640,43520,NaN,NaN
2026-04-10 15:16:11.657,54000,ESTAB,cubic,224,21.943,6.555,21.527,1448,10,14480,NaN,2883,2883,408,NaN,5,6,2,1,NaN,NaN,10557840,995656,3,48640,43520,NaN,NaN
2026-04-10 15:16:11.894,54000,ESTAB,cubic,224,21.943,6.555,21.527,1448,10,14480,NaN,2883,2883,408,NaN,5,6,2,1,NaN,NaN,10557840,995656,3,48640,43520,NaN,NaN
2026-04-10 15:16:12.122,54000,ESTAB,cubic,224,21.943,6.555,21.527,1448,10,14480,NaN,2883,2883,408,NaN,5,6,2,1,NaN,NaN,10557840,995656,3,48640,43520,NaN,NaN
2026-04-10 15:16:12.358,54000,ESTAB,cubic,224,21.943,6.555,21.527,1448,10,14480,NaN,2883,2883,408,NaN,5,6,2,1,NaN,NaN,10557840,995656,3,48640,43520,NaN,NaN
2026-04-10 15:16:12.587,54000,ESTAB,cubic,224,21.943,6.555,21.527,1448,10,14480,NaN,2883,2883,408,NaN,5,6,2,1,NaN,NaN,10557840,995656,3,48640,43520,NaN,NaN
2026-04-10 15:16:12.819,54000,ESTAB,cubic,224,21.943,6.555,21.527,1448,10,14480,NaN,2883,2883,408,NaN,5,6,2,1,NaN,NaN,10557840,995656,3,48640,43520,NaN,NaN
2026-04-10 15:16:13.060,54000,ESTAB,cubic,224,21.943,6.555,21.527,1448,10,14480,NaN,2883,2883,408,NaN,5,6,2,1,NaN,NaN,10557840,995656,3,48640,43520,NaN,NaN
2026-04-10 15:16:13.305,54000,ESTAB,cubic,224,21.943,6.555,21.527,1448,10,14480,NaN,2883,2883,408,NaN,5,6,2,1,NaN,NaN,10557840,995656,3,48640,43520,NaN,NaN
2026-04-10 15:16:13.542,54000,ESTAB,cubic,224,21.943,6.555,21.527,1448,10,14480,NaN,2883,2883,408,NaN,5,6,2,1,NaN,NaN,10557840,995656,3,48640,43520,NaN,NaN
2026-04-10 15:16:13.773,54000,ESTAB,cubic,224,21.943,6.555,21.527,1448,10,14480,NaN,2883,2883,408,NaN,5,6,2,1,NaN,NaN,10557840,995656,3,48640,43520,NaN,NaN
2026-04-10 15:16:13.995,54000,ESTAB,cubic,224,21.943,6.555,21.527,1448,10,14480,NaN,2883,2883,408,NaN,5,6,2,1,NaN,NaN,10557840,995656,3,48640,43520,NaN,NaN
2026-04-10 15:16:14.221,54000,ESTAB,cubic,224,21.943,6.555,21.527,1448,10,14480,NaN,2883,2883,408,NaN,5,6,2,1,NaN,NaN,10557840,995656,3,48640,43520,NaN,NaN
2026-04-10 15:16:14.468,54000,ESTAB,cubic,224,21.943,6.555,21.527,1448,10,14480,NaN,2883,2883,408,NaN,5,6,2,1,NaN,NaN,10557840,995656,3,48640,43520,NaN,NaN
2026-04-10 15:16:14.701,54000,ESTAB,cubic,224,21.943,6.555,21.527,1448,10,14480,NaN,2883,2883,408,NaN,5,6,2,1,NaN,NaN,10557840,995656,3,48640,43520,NaN,NaN
2026-04-10 15:16:14.935,54000,ESTAB,cubic,224,21.943,6.555,21.527,1448,10,14480,NaN,2883,2883,408,NaN,5,6,2,1,NaN,NaN,10557840,995656,3,48640,43520,NaN,NaN
2026-04-10 15:16:15.168,54000,ESTAB,cubic,224,21.943,6.555,21.527,1448,10,14480,NaN,2883,2883,408,NaN,5,6,2,1,NaN,NaN,10557840,995656,3,48640,43520,NaN,NaN
2026-04-10 15:16:15.400,54000,ESTAB,cubic,224,21.943,6.555,21.527,1448,10,14480,NaN,2883,2883,408,NaN,5,6,2,1,NaN,NaN,10557840,995656,3,48640,43520,NaN,NaN
2026-04-10 15:16:15.631,54000,ESTAB,cubic,224,22.533,5.362,20.807,1448,10,14480,NaN,5766,5766,816,NaN,7,9,4,2,NaN,NaN,10281808,995656,5,52736,43520,NaN,NaN
2026-04-10 15:16:15.869,54000,ESTAB,cubic,224,22.533,5.362,20.807,1448,10,14480,NaN,5766,5766,816,NaN,7,9,4,2,NaN,NaN,10281808,995656,5,52736,43520,NaN,NaN
2026-04-10 15:16:16.104,54000,ESTAB,cubic,224,22.533,5.362,20.807,1448,10,14480,NaN,5766,5766,816,NaN,7,9,4,2,NaN,NaN,10281808,995656,5,52736,43520,NaN,NaN
2026-04-10 15:16:16.340,54000,ESTAB,cubic,224,22.533,5.362,20.807,1448,10,14480,NaN,5766,5766,816,NaN,7,9,4,2,NaN,NaN,10281808,995656,5,52736,43520,NaN,NaN
2026-04-10 15:16:16.577,54000,ESTAB,cubic,224,22.533,5.362,20.807,1448,10,14480,NaN,5766,5766,816,NaN,7,9,4,2,NaN,NaN,10281808,995656,5,52736,43520,NaN,NaN
2026-04-10 15:16:16.812,54000,ESTAB,cubic,224,22.533,5.362,20.807,1448,10,14480,NaN,5766,5766,816,NaN,7,9,4,2,NaN,NaN,10281808,995656,5,52736,43520,NaN,NaN
2026-04-10 15:16:17.046,54000,ESTAB,cubic,224,22.533,5.362,20.807,1448,10,14480,NaN,5766,5766,816,NaN,7,9,4,2,NaN,NaN,10281808,995656,5,52736,43520,NaN,NaN
2026-04-10 15:16:17.275,54000,ESTAB,cubic,224,22.533,5.362,20.807,1448,10,14480,NaN,5766,5766,816,NaN,7,9,4,2,NaN,NaN,10281808,995656,5,52736,43520,NaN,NaN
2026-04-10 15:16:17.506,54000,ESTAB,cubic,224,22.533,5.362,20.807,1448,10,14480,NaN,5766,5766,816,NaN,7,9,4,2,NaN,NaN,10281808,995656,5,52736,43520,NaN,NaN
2026-04-10 15:16:17.742,54000,ESTAB,cubic,224,23.149,4.707,20.807,1448,10,14480,NaN,8649,8649,1224,NaN,9,12,6,3,NaN,NaN,10007824,995656,7,52736,43520,NaN,NaN
2026-04-10 15:16:17.983,54000,ESTAB,cubic,224,23.149,4.707,20.807,1448,10,14480,NaN,8649,8649,1224,NaN,9,12,6,3,NaN,NaN,10007824,995656,7,52736,43520,NaN,NaN
2026-04-10 15:16:18.226,54000,ESTAB,cubic,224,23.149,4.707,20.807,1448,10,14480,NaN,8649,8649,1224,NaN,9,12,6,3,NaN,NaN,10007824,995656,7,52736,43520,NaN,NaN
2026-04-10 15:16:18.488,54000,ESTAB,cubic,224,23.149,4.707,20.807,1448,10,14480,NaN,8649,8649,1224,NaN,9,12,6,3,NaN,NaN,10007824,995656,7,52736,43520,NaN,NaN
2026-04-10 15:16:18.720,54000,ESTAB,cubic,224,23.149,4.707,20.807,1448,10,14480,NaN,8649,8649,1224,NaN,9,12,6,3,NaN,NaN,10007824,995656,7,52736,43520,NaN,NaN
2026-04-10 15:16:18.984,54000,ESTAB,cubic,224,23.149,4.707,20.807,1448,10,14480,NaN,8649,8649,1224,NaN,9,12,6,3,NaN,NaN,10007824,995656,7,52736,43520,NaN,NaN
2026-04-10 15:16:19.253,54000,ESTAB,cubic,224,23.149,4.707,20.807,1448,10,14480,NaN,8649,8649,1224,NaN,9,12,6,3,NaN,NaN,10007824,995656,7,52736,43520,NaN,NaN
2026-04-10 15:16:19.520,54000,ESTAB,cubic,224,23.149,4.707,20.807,1448,10,14480,NaN,8649,8649,1224,NaN,9,12,6,3,NaN,NaN,10007824,995656,7,52736,43520,NaN,NaN
2026-04-10 15:16:19.778,54000,ESTAB,cubic,224,23.301,3.881,20.807,1448,10,14480,NaN,11532,11532,1632,NaN,11,15,8,4,NaN,NaN,9942808,995656,9,52736,43520,NaN,NaN
2026-04-10 15:16:20.025,54000,ESTAB,cubic,224,23.301,3.881,20.807,1448,10,14480,NaN,11532,11532,1632,NaN,11,15,8,4,NaN,NaN,9942808,995656,9,52736,43520,NaN,NaN
2026-04-10 15:16:20.310,54000,ESTAB,cubic,224,23.301,3.881,20.807,1448,10,14480,NaN,11532,11532,1632,NaN,11,15,8,4,NaN,NaN,9942808,995656,9,52736,43520,NaN,NaN
2026-04-10 15:16:20.578,54000,ESTAB,cubic,224,23.301,3.881,20.807,1448,10,14480,NaN,11532,11532,1632,NaN,11,15,8,4,NaN,NaN,9942808,995656,9,52736,43520,NaN,NaN
2026-04-10 15:16:20.817,54000,ESTAB,cubic,224,23.301,3.881,20.807,1448,10,14480,NaN,11532,11532,1632,NaN,11,15,8,4,NaN,NaN,9942808,995656,9,52736,43520,NaN,NaN
2026-04-10 15:16:21.065,54000,ESTAB,cubic,224,23.301,3.881,20.807,1448,10,14480,NaN,11532,11532,1632,NaN,11,15,8,4,NaN,NaN,9942808,995656,9,52736,43520,NaN,NaN
2026-04-10 15:16:21.308,54000,ESTAB,cubic,224,23.301,3.881,20.807,1448,10,14480,NaN,11532,11532,1632,NaN,11,15,8,4,NaN,NaN,9942808,995656,9,52736,43520,NaN,NaN
2026-04-10 15:16:21.565,54000,ESTAB,cubic,224,23.301,3.881,20.807,1448,10,14480,NaN,11532,11532,1632,NaN,11,15,8,4,NaN,NaN,9942808,995656,9,52736,43520,NaN,NaN
2026-04-10 15:16:21.837,54000,ESTAB,cubic,224,23.754,3.856,20.807,1448,10,14480,NaN,14415,14415,2040,NaN,13,18,10,5,NaN,NaN,9753144,995656,11,52736,43520,NaN,NaN
2026-04-10 15:16:22.106,54000,ESTAB,cubic,224,23.754,3.856,20.807,1448,10,14480,NaN,14415,14415,2040,NaN,13,18,10,5,NaN,NaN,9753144,995656,11,52736,43520,NaN,NaN
2026-04-10 15:16:22.367,54000,ESTAB,cubic,224,23.754,3.856,20.807,1448,10,14480,NaN,14415,14415,2040,NaN,13,18,10,5,NaN,NaN,9753144,995656,11,52736,43520,NaN,NaN
2026-04-10 15:16:22.624,54000,ESTAB,cubic,224,23.754,3.856,20.807,1448,10,14480,NaN,14415,14415,2040,NaN,13,18,10,5,NaN,NaN,9753144,995656,11,52736,43520,NaN,NaN
2026-04-10 15:16:22.886,54000,ESTAB,cubic,224,23.754,3.856,20.807,1448,10,14480,NaN,14415,14415,2040,NaN,13,18,10,5,NaN,NaN,9753144,995656,11,52736,43520,NaN,NaN
2026-04-10 15:16:23.143,54000,ESTAB,cubic,224,23.754,3.856,20.807,1448,10,14480,NaN,14415,14415,2040,NaN,13,18,10,5,NaN,NaN,9753144,995656,11,52736,43520,NaN,NaN
2026-04-10 15:16:23.410,54000,ESTAB,cubic,224,23.754,3.856,20.807,1448,10,14480,NaN,14415,14415,2040,NaN,13,18,10,5,NaN,NaN,9753144,995656,11,52736,43520,NaN,NaN
2026-04-10 15:16:23.657,54000,ESTAB,cubic,224,23.477,3.446,20.807,1448,10,14480,NaN,17298,15863,2448,NaN,15,20,12,6,NaN,NaN,9868376,995656,12,52736,43520,1,NaN
2026-04-10 15:16:23.913,54000,ESTAB,cubic,228,24.098,3.828,20.807,1448,10,14480,NaN,17298,17298,2448,NaN,15,21,12,6,NaN,NaN,9613824,995656,13,52736,43520,NaN,NaN
2026-04-10 15:16:24.181,54000,ESTAB,cubic,228,24.098,3.828,20.807,1448,10,14480,NaN,17298,17298,2448,NaN,15,21,12,6,NaN,NaN,9613824,995656,13,52736,43520,NaN,NaN
2026-04-10 15:16:24.447,54000,ESTAB,cubic,228,24.098,3.828,20.807,1448,10,14480,NaN,17298,17298,2448,NaN,15,21,12,6,NaN,NaN,9613824,995656,13,52736,43520,NaN,NaN
2026-04-10 15:16:24.707,54000,ESTAB,cubic,228,24.098,3.828,20.807,1448,10,14480,NaN,17298,17298,2448,NaN,15,21,12,6,NaN,NaN,9613824,995656,13,52736,43520,NaN,NaN
2026-04-10 15:16:24.967,54000,ESTAB,cubic,228,24.098,3.828,20.807,1448,10,14480,NaN,17298,17298,2448,NaN,15,21,12,6,NaN,NaN,9613824,995656,13,52736,43520,NaN,NaN
2026-04-10 15:16:25.227,54000,ESTAB,cubic,228,24.098,3.828,20.807,1448,10,14480,NaN,17298,17298,2448,NaN,15,21,12,6,NaN,NaN,9613824,995656,13,52736,43520,NaN,NaN
2026-04-10 15:16:25.484,54000,ESTAB,cubic,228,24.098,3.828,20.807,1448,10,14480,NaN,17298,17298,2448,NaN,15,21,12,6,NaN,NaN,9613824,995656,13,52736,43520,NaN,NaN
2026-04-10 15:16:25.746,54000,ESTAB,cubic,224,23.936,3.343,20.638,1448,10,14480,NaN,20181,20181,2856,NaN,17,24,14,7,NaN,NaN,9678888,995656,15,52736,43520,NaN,NaN
2026-04-10 15:16:26.007,54000,ESTAB,cubic,224,23.936,3.343,20.638,1448,10,14480,NaN,20181,20181,2856,NaN,17,24,14,7,NaN,NaN,9678888,995656,15,52736,43520,NaN,NaN
2026-04-10 15:16:26.268,54000,ESTAB,cubic,224,23.936,3.343,20.638,1448,10,14480,NaN,20181,20181,2856,NaN,17,24,14,7,NaN,NaN,9678888,995656,15,52736,43520,NaN,NaN
2026-04-10 15:16:26.531,54000,ESTAB,cubic,224,23.936,3.343,20.638,1448,10,14480,NaN,20181,20181,2856,NaN,17,24,14,7,NaN,NaN,9678888,995656,15,52736,43520,NaN,NaN
2026-04-10 15:16:26.800,54000,ESTAB,cubic,224,23.936,3.343,20.638,1448,10,14480,NaN,20181,20181,2856,NaN,17,24,14,7,NaN,NaN,9678888,995656,15,52736,43520,NaN,NaN
2026-04-10 15:16:27.056,54000,ESTAB,cubic,224,23.936,3.343,20.638,1448,10,14480,NaN,20181,20181,2856,NaN,17,24,14,7,NaN,NaN,9678888,995656,15,52736,43520,NaN,NaN
2026-04-10 15:16:27.297,54000,ESTAB,cubic,224,23.936,3.343,20.638,1448,10,14480,NaN,20181,20181,2856,NaN,17,24,14,7,NaN,NaN,9678888,995656,15,52736,43520,NaN,NaN
2026-04-10 15:16:27.540,54000,ESTAB,cubic,224,23.936,3.343,20.638,1448,10,14480,NaN,20181,20181,2856,NaN,17,24,14,7,NaN,NaN,9678888,995656,15,52736,43520,NaN,NaN
2026-04-10 15:16:27.812,54000,ESTAB,cubic,228,24.143,3.526,20.638,1448,10,14480,NaN,23064,23064,3264,NaN,19,27,16,8,NaN,NaN,9595808,995656,17,52736,43520,NaN,NaN
2026-04-10 15:16:28.084,54000,ESTAB,cubic,228,24.143,3.526,20.638,1448,10,14480,NaN,23064,23064,3264,NaN,19,27,16,8,NaN,NaN,9595808,995656,17,52736,43520,NaN,NaN
2026-04-10 15:16:28.353,54000,ESTAB,cubic,228,24.143,3.526,20.638,1448,10,14480,NaN,23064,23064,3264,NaN,19,27,16,8,NaN,NaN,9595808,995656,17,52736,43520,NaN,NaN
2026-04-10 15:16:28.619,54000,ESTAB,cubic,228,24.143,3.526,20.638,1448,10,14480,NaN,23064,23064,3264,NaN,19,27,16,8,NaN,NaN,9595808,995656,17,52736,43520,NaN,NaN
2026-04-10 15:16:28.886,54000,ESTAB,cubic,228,24.143,3.526,20.638,1448,10,14480,NaN,23064,23064,3264,NaN,19,27,16,8,NaN,NaN,9595808,995656,17,52736,43520,NaN,NaN
2026-04-10 15:16:29.149,54000,ESTAB,cubic,228,24.143,3.526,20.638,1448,10,14480,NaN,23064,23064,3264,NaN,19,27,16,8,NaN,NaN,9595808,995656,17,52736,43520,NaN,NaN
2026-04-10 15:16:29.406,54000,ESTAB,cubic,228,24.143,3.526,20.638,1448,10,14480,NaN,23064,23064,3264,NaN,19,27,16,8,NaN,NaN,9595808,995656,17,52736,43520,NaN,NaN
2026-04-10 15:16:29.667,54000,ESTAB,cubic,228,24.143,3.526,20.638,1448,10,14480,NaN,23064,23064,3264,NaN,19,27,16,8,NaN,NaN,9595808,995656,17,52736,43520,NaN,NaN
2026-04-10 15:16:29.939,54000,ESTAB,cubic,228,24.259,3.624,20.638,1448,10,14480,NaN,25947,25947,3672,NaN,21,30,18,9,NaN,NaN,9550120,995656,19,52736,43520,NaN,NaN
2026-04-10 15:16:30.223,54000,ESTAB,cubic,228,24.259,3.624,20.638,1448,10,14480,NaN,25947,25947,3672,NaN,21,30,18,9,NaN,NaN,9550120,995656,19,52736,43520,NaN,NaN
2026-04-10 15:16:30.495,54000,ESTAB,cubic,228,24.259,3.624,20.638,1448,10,14480,NaN,25947,25947,3672,NaN,21,30,18,9,NaN,NaN,9550120,995656,19,52736,43520,NaN,NaN
2026-04-10 15:16:30.757,54000,ESTAB,cubic,228,24.259,3.624,20.638,1448,10,14480,NaN,25947,25947,3672,NaN,21,30,18,9,NaN,NaN,9550120,995656,19,52736,43520,NaN,NaN
2026-04-10 15:16:31.019,54000,ESTAB,cubic,228,24.259,3.624,20.638,1448,10,14480,NaN,25947,25947,3672,NaN,21,30,18,9,NaN,NaN,9550120,995656,19,52736,43520,NaN,NaN
2026-04-10 15:16:31.280,54000,ESTAB,cubic,228,24.259,3.624,20.638,1448,10,14480,NaN,25947,25947,3672,NaN,21,30,18,9,NaN,NaN,9550120,995656,19,52736,43520,NaN,NaN
2026-04-10 15:16:31.541,54000,ESTAB,cubic,228,24.259,3.624,20.638,1448,10,14480,NaN,25947,25947,3672,NaN,21,30,18,9,NaN,NaN,9550120,995656,19,52736,43520,NaN,NaN
2026-04-10 15:16:31.805,54000,ESTAB,cubic,228,24.386,3.676,20.638,1448,10,14480,NaN,28830,28830,4080,NaN,23,33,20,10,NaN,NaN,9500480,995656,21,52736,43520,NaN,NaN
2026-04-10 15:16:32.053,54000,ESTAB,cubic,228,24.386,3.676,20.638,1448,10,14480,NaN,28830,28830,4080,NaN,23,33,20,10,NaN,NaN,9500480,995656,21,52736,43520,NaN,NaN
2026-04-10 15:16:32.291,54000,ESTAB,cubic,228,24.386,3.676,20.638,1448,10,14480,NaN,28830,28830,4080,NaN,23,33,20,10,NaN,NaN,9500480,995656,21,52736,43520,NaN,NaN
2026-04-10 15:16:32.528,54000,ESTAB,cubic,228,24.386,3.676,20.638,1448,10,14480,NaN,28830,28830,4080,NaN,23,33,20,10,NaN,NaN,9500480,995656,21,52736,43520,NaN,NaN
2026-04-10 15:16:32.767,54000,ESTAB,cubic,228,24.386,3.676,20.638,1448,10,14480,NaN,28830,28830,4080,NaN,23,33,20,10,NaN,NaN,9500480,995656,21,52736,43520,NaN,NaN
2026-04-10 15:16:33.017,54000,ESTAB,cubic,228,24.386,3.676,20.638,1448,10,14480,NaN,28830,28830,4080,NaN,23,33,20,10,NaN,NaN,9500480,995656,21,52736,43520,NaN,NaN
2026-04-10 15:16:33.277,54000,ESTAB,cubic,228,24.386,3.676,20.638,1448,10,14480,NaN,28830,28830,4080,NaN,23,33,20,10,NaN,NaN,9500480,995656,21,52736,43520,NaN,NaN
2026-04-10 15:16:33.537,54000,ESTAB,cubic,228,24.386,3.676,20.638,1448,10,14480,NaN,28830,28830,4080,NaN,23,33,20,10,NaN,NaN,9500480,995656,21,52736,43520,NaN,NaN
2026-04-10 15:16:33.797,54000,ESTAB,cubic,228,24.386,3.676,20.638,1448,10,14480,NaN,28830,28830,4080,NaN,23,33,20,10,NaN,NaN,9500480,995656,21,52736,43520,NaN,NaN
2026-04-10 15:16:34.064,54000,ESTAB,cubic,228,24.641,3.719,20.638,1448,10,14480,NaN,31713,31713,4488,NaN,25,36,22,11,NaN,NaN,9401976,995656,23,52736,43520,NaN,NaN
2026-04-10 15:16:34.321,54000,ESTAB,cubic,228,24.641,3.719,20.638,1448,10,14480,NaN,31713,31713,4488,NaN,25,36,22,11,NaN,NaN,9401976,995656,23,52736,43520,NaN,NaN
2026-04-10 15:16:34.575,54000,ESTAB,cubic,228,24.641,3.719,20.638,1448,10,14480,NaN,31713,31713,4488,NaN,25,36,22,11,NaN,NaN,9401976,995656,23,52736,43520,NaN,NaN
2026-04-10 15:16:34.844,54000,ESTAB,cubic,228,24.641,3.719,20.638,1448,10,14480,NaN,31713,31713,4488,NaN,25,36,22,11,NaN,NaN,9401976,995656,23,52736,43520,NaN,NaN
2026-04-10 15:16:35.098,54000,ESTAB,cubic,228,24.641,3.719,20.638,1448,10,14480,NaN,31713,31713,4488,NaN,25,36,22,11,NaN,NaN,9401976,995656,23,52736,43520,NaN,NaN
2026-04-10 15:16:35.355,54000,ESTAB,cubic,228,24.641,3.719,20.638,1448,10,14480,NaN,31713,31713,4488,NaN,25,36,22,11,NaN,NaN,9401976,995656,23,52736,43520,NaN,NaN
2026-04-10 15:16:35.615,54000,ESTAB,cubic,228,24.641,3.719,20.638,1448,10,14480,NaN,31713,31713,4488,NaN,25,36,22,11,NaN,NaN,9401976,995656,23,52736,43520,NaN,NaN
2026-04-10 15:16:35.884,54000,ESTAB,cubic,228,24.588,3.658,20.638,1448,10,14480,NaN,34596,34596,4896,NaN,27,39,24,12,NaN,NaN,9422288,995656,25,52736,43520,NaN,NaN
2026-04-10 15:16:36.133,54000,ESTAB,cubic,228,24.588,3.658,20.638,1448,10,14480,NaN,34596,34596,4896,NaN,27,39,24,12,NaN,NaN,9422288,995656,25,52736,43520,NaN,NaN
2026-04-10 15:16:36.394,54000,ESTAB,cubic,228,24.588,3.658,20.638,1448,10,14480,NaN,34596,34596,4896,NaN,27,39,24,12,NaN,NaN,9422288,995656,25,52736,43520,NaN,NaN
2026-04-10 15:16:36.648,54000,ESTAB,cubic,228,24.588,3.658,20.638,1448,10,14480,NaN,34596,34596,4896,NaN,27,39,24,12,NaN,NaN,9422288,995656,25,52736,43520,NaN,NaN
2026-04-10 15:16:36.916,54000,ESTAB,cubic,228,24.588,3.658,20.638,1448,10,14480,NaN,34596,34596,4896,NaN,27,39,24,12,NaN,NaN,9422288,995656,25,52736,43520,NaN,NaN
2026-04-10 15:16:37.173,54000,ESTAB,cubic,228,24.588,3.658,20.638,1448,10,14480,NaN,34596,34596,4896,NaN,27,39,24,12,NaN,NaN,9422288,995656,25,52736,43520,NaN,NaN
2026-04-10 15:16:37.435,54000,ESTAB,cubic,228,24.588,3.658,20.638,1448,10,14480,NaN,34596,34596,4896,NaN,27,39,24,12,NaN,NaN,9422288,995656,25,52736,43520,NaN,NaN
2026-04-10 15:16:37.704,54000,ESTAB,cubic,228,24.588,3.658,20.638,1448,10,14480,NaN,34596,34596,4896,NaN,27,39,24,12,NaN,NaN,9422288,995656,25,52736,43520,NaN,NaN
2026-04-10 15:16:37.958,54000,ESTAB,cubic,228,24.807,3.701,20.638,1448,10,14480,NaN,37479,37479,5304,NaN,29,42,26,13,NaN,NaN,9339064,995656,27,52736,43520,NaN,NaN
2026-04-10 15:16:38.214,54000,ESTAB,cubic,228,24.807,3.701,20.638,1448,10,14480,NaN,37479,37479,5304,NaN,29,42,26,13,NaN,NaN,9339064,995656,27,52736,43520,NaN,NaN
2026-04-10 15:16:38.464,54000,ESTAB,cubic,228,24.807,3.701,20.638,1448,10,14480,NaN,37479,37479,5304,NaN,29,42,26,13,NaN,NaN,9339064,995656,27,52736,43520,NaN,NaN
2026-04-10 15:16:38.725,54000,ESTAB,cubic,228,24.807,3.701,20.638,1448,10,14480,NaN,37479,37479,5304,NaN,29,42,26,13,NaN,NaN,9339064,995656,27,52736,43520,NaN,NaN
2026-04-10 15:16:38.985,54000,ESTAB,cubic,228,24.807,3.701,20.638,1448,10,14480,NaN,37479,37479,5304,NaN,29,42,26,13,NaN,NaN,9339064,995656,27,52736,43520,NaN,NaN
2026-04-10 15:16:39.245,54000,ESTAB,cubic,228,24.807,3.701,20.638,1448,10,14480,NaN,37479,37479,5304,NaN,29,42,26,13,NaN,NaN,9339064,995656,27,52736,43520,NaN,NaN
2026-04-10 15:16:39.506,54000,ESTAB,cubic,228,24.807,3.701,20.638,1448,10,14480,NaN,37479,37479,5304,NaN,29,42,26,13,NaN,NaN,9339064,995656,27,52736,43520,NaN,NaN
2026-04-10 15:16:39.772,54000,ESTAB,cubic,228,24.807,3.701,20.638,1448,10,14480,NaN,37479,37479,5304,NaN,29,42,26,13,NaN,NaN,9339064,995656,27,52736,43520,NaN,NaN
2026-04-10 15:16:40.047,54000,ESTAB,cubic,228,24.661,3.571,20.511,1448,10,14480,NaN,40362,40362,5712,NaN,31,45,28,14,NaN,NaN,9394584,995656,29,52736,43520,NaN,NaN
2026-04-10 15:16:40.312,54000,ESTAB,cubic,228,24.661,3.571,20.511,1448,10,14480,NaN,40362,40362,5712,NaN,31,45,28,14,NaN,NaN,9394584,995656,29,52736,43520,NaN,NaN
2026-04-10 15:16:40.581,54000,ESTAB,cubic,228,24.661,3.571,20.511,1448,10,14480,NaN,40362,40362,5712,NaN,31,45,28,14,NaN,NaN,9394584,995656,29,52736,43520,NaN,NaN
2026-04-10 15:16:40.858,54000,ESTAB,cubic,228,24.661,3.571,20.511,1448,10,14480,NaN,40362,40362,5712,NaN,31,45,28,14,NaN,NaN,9394584,995656,29,52736,43520,NaN,NaN
2026-04-10 15:16:41.124,54000,ESTAB,cubic,228,24.661,3.571,20.511,1448,10,14480,NaN,40362,40362,5712,NaN,31,45,28,14,NaN,NaN,9394584,995656,29,52736,43520,NaN,NaN
2026-04-10 15:16:41.384,54000,ESTAB,cubic,228,24.661,3.571,20.511,1448,10,14480,NaN,40362,40362,5712,NaN,31,45,28,14,NaN,NaN,9394584,995656,29,52736,43520,NaN,NaN
2026-04-10 15:16:41.645,54000,ESTAB,cubic,228,24.661,3.571,20.511,1448,10,14480,NaN,40362,40362,5712,NaN,31,45,28,14,NaN,NaN,9394584,995656,29,52736,43520,NaN,NaN
2026-04-10 15:16:41.906,54000,ESTAB,cubic,228,24.661,3.571,20.511,1448,10,14480,NaN,40362,40362,5712,NaN,31,45,28,14,NaN,NaN,9394584,995656,29,52736,43520,NaN,NaN
2026-04-10 15:16:42.161,54000,ESTAB,cubic,228,24.702,3.645,20.511,1448,10,14480,NaN,43245,43245,6120,NaN,33,48,30,15,NaN,NaN,9378896,995656,31,52736,43520,NaN,NaN
2026-04-10 15:16:42.415,54000,ESTAB,cubic,228,24.702,3.645,20.511,1448,10,14480,NaN,43245,43245,6120,NaN,33,48,30,15,NaN,NaN,9378896,995656,31,52736,43520,NaN,NaN
2026-04-10 15:16:42.668,54000,ESTAB,cubic,228,24.702,3.645,20.511,1448,10,14480,NaN,43245,43245,6120,NaN,33,48,30,15,NaN,NaN,9378896,995656,31,52736,43520,NaN,NaN
2026-04-10 15:16:42.927,54000,ESTAB,cubic,228,24.702,3.645,20.511,1448,10,14480,NaN,43245,43245,6120,NaN,33,48,30,15,NaN,NaN,9378896,995656,31,52736,43520,NaN,NaN
2026-04-10 15:16:43.187,54000,ESTAB,cubic,228,24.702,3.645,20.511,1448,10,14480,NaN,43245,43245,6120,NaN,33,48,30,15,NaN,NaN,9378896,995656,31,52736,43520,NaN,NaN
2026-04-10 15:16:43.451,54000,ESTAB,cubic,228,24.702,3.645,20.511,1448,10,14480,NaN,43245,43245,6120,NaN,33,48,30,15,NaN,NaN,9378896,995656,31,52736,43520,NaN,NaN
2026-04-10 15:16:43.721,54000,ESTAB,cubic,228,24.702,3.645,20.511,1448,10,14480,NaN,43245,43245,6120,NaN,33,48,30,15,NaN,NaN,9378896,995656,31,52736,43520,NaN,NaN
2026-04-10 15:16:43.988,54000,ESTAB,cubic,228,24.702,3.645,20.511,1448,10,14480,NaN,46128,43245,6528,NaN,35,49,32,16,NaN,NaN,9378896,995656,31,52736,43520,2,NaN
2026-04-10 15:16:44.245,54000,ESTAB,cubic,228,24.652,3.262,20.511,1448,10,14480,NaN,46128,46128,6528,NaN,35,51,32,16,NaN,NaN,9398016,995656,33,52736,43520,NaN,NaN
2026-04-10 15:16:44.517,54000,ESTAB,cubic,228,24.652,3.262,20.511,1448,10,14480,NaN,46128,46128,6528,NaN,35,51,32,16,NaN,NaN,9398016,995656,33,52736,43520,NaN,NaN
2026-04-10 15:16:44.775,54000,ESTAB,cubic,228,24.652,3.262,20.511,1448,10,14480,NaN,46128,46128,6528,NaN,35,51,32,16,NaN,NaN,9398016,995656,33,52736,43520,NaN,NaN
2026-04-10 15:16:45.043,54000,ESTAB,cubic,228,24.652,3.262,20.511,1448,10,14480,NaN,46128,46128,6528,NaN,35,51,32,16,NaN,NaN,9398016,995656,33,52736,43520,NaN,NaN
2026-04-10 15:16:45.305,54000,ESTAB,cubic,228,24.652,3.262,20.511,1448,10,14480,NaN,46128,46128,6528,NaN,35,51,32,16,NaN,NaN,9398016,995656,33,52736,43520,NaN,NaN
2026-04-10 15:16:45.542,54000,ESTAB,cubic,228,24.652,3.262,20.511,1448,10,14480,NaN,46128,46128,6528,NaN,35,51,32,16,NaN,NaN,9398016,995656,33,52736,43520,NaN,NaN
2026-04-10 15:16:45.802,54000,ESTAB,cubic,228,24.652,3.262,20.511,1448,10,14480,NaN,46128,46128,6528,NaN,35,51,32,16,NaN,NaN,9398016,995656,33,52736,43520,NaN,NaN
2026-04-10 15:16:46.059,54000,ESTAB,cubic,228,24.659,3.34,20.511,1448,10,14480,NaN,49011,49011,6936,NaN,37,54,34,17,NaN,NaN,9395256,995656,35,52736,43520,NaN,NaN
2026-04-10 15:16:46.306,54000,ESTAB,cubic,228,24.659,3.34,20.511,1448,10,14480,NaN,49011,49011,6936,NaN,37,54,34,17,NaN,NaN,9395256,995656,35,52736,43520,NaN,NaN
2026-04-10 15:16:46.555,54000,ESTAB,cubic,228,24.659,3.34,20.511,1448,10,14480,NaN,49011,49011,6936,NaN,37,54,34,17,NaN,NaN,9395256,995656,35,52736,43520,NaN,NaN
2026-04-10 15:16:46.818,54000,ESTAB,cubic,228,24.659,3.34,20.511,1448,10,14480,NaN,49011,49011,6936,NaN,37,54,34,17,NaN,NaN,9395256,995656,35,52736,43520,NaN,NaN
2026-04-10 15:16:47.076,54000,ESTAB,cubic,228,24.659,3.34,20.511,1448,10,14480,NaN,49011,49011,6936,NaN,37,54,34,17,NaN,NaN,9395256,995656,35,52736,43520,NaN,NaN
2026-04-10 15:16:47.336,54000,ESTAB,cubic,228,24.659,3.34,20.511,1448,10,14480,NaN,49011,49011,6936,NaN,37,54,34,17,NaN,NaN,9395256,995656,35,52736,43520,NaN,NaN
2026-04-10 15:16:47.605,54000,ESTAB,cubic,228,24.659,3.34,20.511,1448,10,14480,NaN,49011,49011,6936,NaN,37,54,34,17,NaN,NaN,9395256,995656,35,52736,43520,NaN,NaN
2026-04-10 15:16:47.856,54000,ESTAB,cubic,228,24.659,3.34,20.511,1448,10,14480,NaN,49011,49011,6936,NaN,37,54,34,17,NaN,NaN,9395256,995656,35,52736,43520,NaN,NaN
2026-04-10 15:16:48.103,54000,ESTAB,cubic,228,24.595,3.379,20.511,1448,10,14480,NaN,51894,51894,7344,NaN,39,57,36,18,NaN,NaN,9419512,995656,37,52736,43520,NaN,NaN
2026-04-10 15:16:48.333,54000,ESTAB,cubic,228,24.595,3.379,20.511,1448,10,14480,NaN,51894,51894,7344,NaN,39,57,36,18,NaN,NaN,9419512,995656,37,52736,43520,NaN,NaN
2026-04-10 15:16:48.581,54000,ESTAB,cubic,228,24.595,3.379,20.511,1448,10,14480,NaN,51894,51894,7344,NaN,39,57,36,18,NaN,NaN,9419512,995656,37,52736,43520,NaN,NaN
2026-04-10 15:16:48.848,54000,ESTAB,cubic,228,24.595,3.379,20.511,1448,10,14480,NaN,51894,51894,7344,NaN,39,57,36,18,NaN,NaN,9419512,995656,37,52736,43520,NaN,NaN
2026-04-10 15:16:49.109,54000,ESTAB,cubic,228,24.595,3.379,20.511,1448,10,14480,NaN,51894,51894,7344,NaN,39,57,36,18,NaN,NaN,9419512,995656,37,52736,43520,NaN,NaN
2026-04-10 15:16:49.364,54000,ESTAB,cubic,228,24.595,3.379,20.511,1448,10,14480,NaN,51894,51894,7344,NaN,39,57,36,18,NaN,NaN,9419512,995656,37,52736,43520,NaN,NaN
2026-04-10 15:16:49.620,54000,ESTAB,cubic,228,24.595,3.379,20.511,1448,10,14480,NaN,51894,51894,7344,NaN,39,57,36,18,NaN,NaN,9419512,995656,37,52736,43520,NaN,NaN
2026-04-10 15:16:49.886,54000,ESTAB,cubic,228,24.595,3.379,20.511,1448,10,14480,NaN,51894,51894,7344,NaN,39,57,36,18,NaN,NaN,9419512,995656,37,52736,43520,NaN,NaN
2026-04-10 15:16:50.146,54000,ESTAB,cubic,228,24.794,3.565,20.511,1448,10,14480,NaN,54777,54777,7752,NaN,41,60,38,19,NaN,NaN,9344096,995656,39,52736,43520,NaN,NaN
2026-04-10 15:16:50.395,54000,ESTAB,cubic,228,24.794,3.565,20.511,1448,10,14480,NaN,54777,54777,7752,NaN,41,60,38,19,NaN,NaN,9344096,995656,39,52736,43520,NaN,NaN
2026-04-10 15:16:50.644,54000,ESTAB,cubic,228,24.794,3.565,20.511,1448,10,14480,NaN,54777,54777,7752,NaN,41,60,38,19,NaN,NaN,9344096,995656,39,52736,43520,NaN,NaN
2026-04-10 15:16:50.896,54000,ESTAB,cubic,228,24.794,3.565,20.511,1448,10,14480,NaN,54777,54777,7752,NaN,41,60,38,19,NaN,NaN,9344096,995656,39,52736,43520,NaN,NaN
2026-04-10 15:16:51.157,54000,ESTAB,cubic,228,24.794,3.565,20.511,1448,10,14480,NaN,54777,54777,7752,NaN,41,60,38,19,NaN,NaN,9344096,995656,39,52736,43520,NaN,NaN
2026-04-10 15:16:51.418,54000,ESTAB,cubic,228,24.794,3.565,20.511,1448,10,14480,NaN,54777,54777,7752,NaN,41,60,38,19,NaN,NaN,9344096,995656,39,52736,43520,NaN,NaN
2026-04-10 15:16:51.684,54000,ESTAB,cubic,228,24.794,3.565,20.511,1448,10,14480,NaN,54777,54777,7752,NaN,41,60,38,19,NaN,NaN,9344096,995656,39,52736,43520,NaN,NaN
2026-04-10 15:16:51.943,54000,ESTAB,cubic,228,24.794,3.565,20.511,1448,10,14480,NaN,54777,54777,7752,NaN,41,60,38,19,NaN,NaN,9344096,995656,39,52736,43520,NaN,NaN
2026-04-10 15:16:52.195,54000,ESTAB,cubic,228,25.072,3.657,20.511,1448,10,14480,NaN,57660,57660,8160,NaN,43,63,40,20,NaN,NaN,9240488,995656,41,52736,43520,NaN,NaN
2026-04-10 15:16:52.456,54000,ESTAB,cubic,228,25.072,3.657,20.511,1448,10,14480,NaN,57660,57660,8160,NaN,43,63,40,20,NaN,NaN,9240488,995656,41,52736,43520,NaN,NaN
2026-04-10 15:16:52.711,54000,ESTAB,cubic,228,25.072,3.657,20.511,1448,10,14480,NaN,57660,57660,8160,NaN,43,63,40,20,NaN,NaN,9240488,995656,41,52736,43520,NaN,NaN
2026-04-10 15:16:52.969,54000,ESTAB,cubic,228,25.072,3.657,20.511,1448,10,14480,NaN,57660,57660,8160,NaN,43,63,40,20,NaN,NaN,9240488,995656,41,52736,43520,NaN,NaN
2026-04-10 15:16:53.227,54000,ESTAB,cubic,228,25.072,3.657,20.511,1448,10,14480,NaN,57660,57660,8160,NaN,43,63,40,20,NaN,NaN,9240488,995656,41,52736,43520,NaN,NaN
2026-04-10 15:16:53.493,54000,ESTAB,cubic,228,25.072,3.657,20.511,1448,10,14480,NaN,57660,57660,8160,NaN,43,63,40,20,NaN,NaN,9240488,995656,41,52736,43520,NaN,NaN
2026-04-10 15:16:53.771,54000,ESTAB,cubic,228,25.072,3.657,20.511,1448,10,14480,NaN,57660,57660,8160,NaN,43,63,40,20,NaN,NaN,9240488,995656,41,52736,43520,NaN,NaN
2026-04-10 15:16:54.046,54000,ESTAB,cubic,228,25.072,3.657,20.511,1448,10,14480,NaN,57660,57660,8160,NaN,43,63,40,20,NaN,NaN,9240488,995656,41,52736,43520,NaN,NaN
2026-04-10 15:16:54.301,54000,ESTAB,cubic,228,24.904,3.539,20.511,1448,10,14480,NaN,60543,60543,8568,NaN,45,66,42,21,NaN,NaN,9302640,995656,43,52736,43520,NaN,NaN
2026-04-10 15:16:54.573,54000,ESTAB,cubic,228,24.904,3.539,20.511,1448,10,14480,NaN,60543,60543,8568,NaN,45,66,42,21,NaN,NaN,9302640,995656,43,52736,43520,NaN,NaN
2026-04-10 15:16:54.836,54000,ESTAB,cubic,228,24.904,3.539,20.511,1448,10,14480,NaN,60543,60543,8568,NaN,45,66,42,21,NaN,NaN,9302640,995656,43,52736,43520,NaN,NaN
2026-04-10 15:16:55.098,54000,ESTAB,cubic,228,24.904,3.539,20.511,1448,10,14480,NaN,60543,60543,8568,NaN,45,66,42,21,NaN,NaN,9302640,995656,43,52736,43520,NaN,NaN
2026-04-10 15:16:55.364,54000,ESTAB,cubic,228,24.904,3.539,20.511,1448,10,14480,NaN,60543,60543,8568,NaN,45,66,42,21,NaN,NaN,9302640,995656,43,52736,43520,NaN,NaN
2026-04-10 15:16:55.630,54000,ESTAB,cubic,228,24.904,3.539,20.511,1448,10,14480,NaN,60543,60543,8568,NaN,45,66,42,21,NaN,NaN,9302640,995656,43,52736,43520,NaN,NaN
2026-04-10 15:16:55.896,54000,ESTAB,cubic,228,24.904,3.539,20.511,1448,10,14480,NaN,60543,60543,8568,NaN,45,66,42,21,NaN,NaN,9302640,995656,43,52736,43520,NaN,NaN
2026-04-10 15:16:56.162,54000,ESTAB,cubic,228,24.904,3.539,20.511,1448,10,14480,NaN,60543,60543,8568,NaN,45,66,42,21,NaN,NaN,9302640,995656,43,52736,43520,NaN,NaN
2026-04-10 15:16:56.422,54000,ESTAB,cubic,228,24.673,3.14,20.511,1448,10,14480,NaN,63426,63426,8976,NaN,47,69,44,22,NaN,NaN,9389920,995656,45,52736,43520,NaN,NaN
2026-04-10 15:16:56.682,54000,ESTAB,cubic,228,24.673,3.14,20.511,1448,10,14480,NaN,63426,63426,8976,NaN,47,69,44,22,NaN,NaN,9389920,995656,45,52736,43520,NaN,NaN
2026-04-10 15:16:56.954,54000,ESTAB,cubic,228,24.673,3.14,20.511,1448,10,14480,NaN,63426,63426,8976,NaN,47,69,44,22,NaN,NaN,9389920,995656,45,52736,43520,NaN,NaN
2026-04-10 15:16:57.216,54000,ESTAB,cubic,228,24.673,3.14,20.511,1448,10,14480,NaN,63426,63426,8976,NaN,47,69,44,22,NaN,NaN,9389920,995656,45,52736,43520,NaN,NaN
2026-04-10 15:16:57.485,54000,ESTAB,cubic,228,24.673,3.14,20.511,1448,10,14480,NaN,63426,63426,8976,NaN,47,69,44,22,NaN,NaN,9389920,995656,45,52736,43520,NaN,NaN
2026-04-10 15:16:57.748,54000,ESTAB,cubic,228,24.673,3.14,20.511,1448,10,14480,NaN,63426,63426,8976,NaN,47,69,44,22,NaN,NaN,9389920,995656,45,52736,43520,NaN,NaN
2026-04-10 15:16:58.017,54000,ESTAB,cubic,228,24.673,3.14,20.511,1448,10,14480,NaN,63426,63426,8976,NaN,47,69,44,22,NaN,NaN,9389920,995656,45,52736,43520,NaN,NaN
2026-04-10 15:16:58.298,54000,ESTAB,cubic,228,24.784,3.387,20.511,1448,10,14480,NaN,66309,66309,9384,NaN,49,72,46,23,NaN,NaN,9347728,995656,47,52736,43520,NaN,NaN
2026-04-10 15:16:58.555,54000,ESTAB,cubic,228,24.784,3.387,20.511,1448,10,14480,NaN,66309,66309,9384,NaN,49,72,46,23,NaN,NaN,9347728,995656,47,52736,43520,NaN,NaN
2026-04-10 15:16:58.810,54000,ESTAB,cubic,228,24.784,3.387,20.511,1448,10,14480,NaN,66309,66309,9384,NaN,49,72,46,23,NaN,NaN,9347728,995656,47,52736,43520,NaN,NaN
2026-04-10 15:16:59.084,54000,ESTAB,cubic,228,24.784,3.387,20.511,1448,10,14480,NaN,66309,66309,9384,NaN,49,72,46,23,NaN,NaN,9347728,995656,47,52736,43520,NaN,NaN
2026-04-10 15:16:59.350,54000,ESTAB,cubic,228,24.784,3.387,20.511,1448,10,14480,NaN,66309,66309,9384,NaN,49,72,46,23,NaN,NaN,9347728,995656,47,52736,43520,NaN,NaN
2026-04-10 15:16:59.611,54000,ESTAB,cubic,228,24.784,3.387,20.511,1448,10,14480,NaN,66309,66309,9384,NaN,49,72,46,23,NaN,NaN,9347728,995656,47,52736,43520,NaN,NaN
2026-04-10 15:16:59.878,54000,ESTAB,cubic,228,24.784,3.387,20.511,1448,10,14480,NaN,66309,66309,9384,NaN,49,72,46,23,NaN,NaN,9347728,995656,47,52736,43520,NaN,NaN
2026-04-10 15:17:00.137,54000,ESTAB,cubic,228,24.784,3.387,20.511,1448,10,14480,NaN,66309,66309,9384,NaN,49,72,46,23,NaN,NaN,9347728,995656,47,52736,43520,NaN,NaN
2026-04-10 15:17:00.397,54000,ESTAB,cubic,228,24.963,3.566,20.511,1448,10,14480,NaN,69192,69192,9792,NaN,51,75,48,24,NaN,NaN,9280840,995656,49,52736,43520,NaN,NaN
2026-04-10 15:17:00.664,54000,ESTAB,cubic,228,24.963,3.566,20.511,1448,10,14480,NaN,69192,69192,9792,NaN,51,75,48,24,NaN,NaN,9280840,995656,49,52736,43520,NaN,NaN
2026-04-10 15:17:00.915,54000,ESTAB,cubic,228,24.963,3.566,20.511,1448,10,14480,NaN,69192,69192,9792,NaN,51,75,48,24,NaN,NaN,9280840,995656,49,52736,43520,NaN,NaN
2026-04-10 15:17:01.170,54000,ESTAB,cubic,228,24.963,3.566,20.511,1448,10,14480,NaN,69192,69192,9792,NaN,51,75,48,24,NaN,NaN,9280840,995656,49,52736,43520,NaN,NaN
2026-04-10 15:17:01.415,54000,ESTAB,cubic,228,24.963,3.566,20.511,1448,10,14480,NaN,69192,69192,9792,NaN,51,75,48,24,NaN,NaN,9280840,995656,49,52736,43520,NaN,NaN
2026-04-10 15:17:01.675,54000,ESTAB,cubic,228,24.963,3.566,20.511,1448,10,14480,NaN,69192,69192,9792,NaN,51,75,48,24,NaN,NaN,9280840,995656,49,52736,43520,NaN,NaN
2026-04-10 15:17:01.952,54000,ESTAB,cubic,228,24.963,3.566,20.511,1448,10,14480,NaN,69192,69192,9792,NaN,51,75,48,24,NaN,NaN,9280840,995656,49,52736,43520,NaN,NaN
2026-04-10 15:17:02.217,54000,ESTAB,cubic,228,24.963,3.566,20.511,1448,10,14480,NaN,69192,69192,9792,NaN,51,75,48,24,NaN,NaN,9280840,995656,49,52736,43520,NaN,NaN
2026-04-10 15:17:02.495,54000,ESTAB,cubic,228,24.81,3.484,20.511,1448,10,14480,NaN,72075,72075,10200,NaN,53,78,50,25,NaN,NaN,9338120,995656,51,52736,43520,NaN,NaN
2026-04-10 15:17:02.771,54000,ESTAB,cubic,228,24.81,3.484,20.511,1448,10,14480,NaN,72075,72075,10200,NaN,53,78,50,25,NaN,NaN,9338120,995656,51,52736,43520,NaN,NaN
2026-04-10 15:17:03.031,54000,ESTAB,cubic,228,24.81,3.484,20.511,1448,10,14480,NaN,72075,72075,10200,NaN,53,78,50,25,NaN,NaN,9338120,995656,51,52736,43520,NaN,NaN
2026-04-10 15:17:03.297,54000,ESTAB,cubic,228,24.81,3.484,20.511,1448,10,14480,NaN,72075,72075,10200,NaN,53,78,50,25,NaN,NaN,9338120,995656,51,52736,43520,NaN,NaN
2026-04-10 15:17:03.552,54000,ESTAB,cubic,228,24.81,3.484,20.511,1448,10,14480,NaN,72075,72075,10200,NaN,53,78,50,25,NaN,NaN,9338120,995656,51,52736,43520,NaN,NaN
2026-04-10 15:17:03.824,54000,ESTAB,cubic,228,24.81,3.484,20.511,1448,10,14480,NaN,72075,72075,10200,NaN,53,78,50,25,NaN,NaN,9338120,995656,51,52736,43520,NaN,NaN
2026-04-10 15:17:04.092,54000,ESTAB,cubic,228,24.81,3.484,20.511,1448,10,14480,NaN,72075,72075,10200,NaN,53,78,50,25,NaN,NaN,9338120,995656,51,52736,43520,NaN,NaN
2026-04-10 15:17:04.357,54000,ESTAB,cubic,228,24.592,3.368,20.154,1448,10,14480,NaN,74958,74958,10608,NaN,55,81,52,26,NaN,NaN,9420944,995656,53,52736,43520,NaN,NaN
2026-04-10 15:17:04.619,54000,ESTAB,cubic,228,24.592,3.368,20.154,1448,10,14480,NaN,74958,74958,10608,NaN,55,81,52,26,NaN,NaN,9420944,995656,53,52736,43520,NaN,NaN
2026-04-10 15:17:04.885,54000,ESTAB,cubic,228,24.592,3.368,20.154,1448,10,14480,NaN,74958,74958,10608,NaN,55,81,52,26,NaN,NaN,9420944,995656,53,52736,43520,NaN,NaN
2026-04-10 15:17:05.135,54000,ESTAB,cubic,228,24.592,3.368,20.154,1448,10,14480,NaN,74958,74958,10608,NaN,55,81,52,26,NaN,NaN,9420944,995656,53,52736,43520,NaN,NaN
2026-04-10 15:17:05.387,54000,ESTAB,cubic,228,24.592,3.368,20.154,1448,10,14480,NaN,74958,74958,10608,NaN,55,81,52,26,NaN,NaN,9420944,995656,53,52736,43520,NaN,NaN
2026-04-10 15:17:05.648,54000,ESTAB,cubic,228,24.592,3.368,20.154,1448,10,14480,NaN,74958,74958,10608,NaN,55,81,52,26,NaN,NaN,9420944,995656,53,52736,43520,NaN,NaN
2026-04-10 15:17:05.920,54000,ESTAB,cubic,228,24.592,3.368,20.154,1448,10,14480,NaN,74958,74958,10608,NaN,55,81,52,26,NaN,NaN,9420944,995656,53,52736,43520,NaN,NaN
2026-04-10 15:17:06.193,54000,ESTAB,cubic,228,24.592,3.368,20.154,1448,10,14480,NaN,74958,74958,10608,NaN,55,81,52,26,NaN,NaN,9420944,995656,53,52736,43520,NaN,NaN
2026-04-10 15:17:06.465,54000,ESTAB,cubic,228,24.592,3.368,20.154,1448,10,14480,NaN,74958,74958,10608,NaN,55,81,52,26,NaN,NaN,9420944,995656,53,52736,43520,NaN,NaN
2026-04-10 15:17:06.737,54000,ESTAB,cubic,228,24.592,3.368,20.154,1448,10,14480,NaN,74958,74958,10608,NaN,55,81,52,26,NaN,NaN,9420944,995656,53,52736,43520,NaN,NaN
2026-04-10 15:17:07.009,54000,ESTAB,cubic,228,24.592,3.368,20.154,1448,10,14480,NaN,74958,74958,10608,NaN,55,81,52,26,NaN,NaN,9420944,995656,53,52736,43520,NaN,NaN
2026-04-10 15:17:07.286,54000,ESTAB,cubic,228,24.592,3.368,20.154,1448,10,14480,NaN,74958,74958,10608,NaN,55,81,52,26,NaN,NaN,9420944,995656,53,52736,43520,NaN,NaN
2026-04-10 15:17:07.537,54000,ESTAB,cubic,228,24.592,3.368,20.154,1448,10,14480,NaN,74958,74958,10608,NaN,55,81,52,26,NaN,NaN,9420944,995656,53,52736,43520,NaN,NaN
2026-04-10 15:17:07.795,54000,ESTAB,cubic,228,24.592,3.368,20.154,1448,10,14480,NaN,74958,74958,10608,NaN,55,81,52,26,NaN,NaN,9420944,995656,53,52736,43520,NaN,NaN
2026-04-10 15:17:08.055,54000,ESTAB,cubic,228,24.592,3.368,20.154,1448,10,14480,NaN,74958,74958,10608,NaN,55,81,52,26,NaN,NaN,9420944,995656,53,52736,43520,NaN,NaN
2026-04-10 15:17:08.306,54000,ESTAB,cubic,228,24.592,3.368,20.154,1448,10,14480,NaN,74958,74958,10608,NaN,55,81,52,26,NaN,NaN,9420944,995656,53,52736,43520,NaN,NaN
2026-04-10 15:17:08.569,54000,ESTAB,cubic,228,24.592,3.368,20.154,1448,10,14480,NaN,74958,74958,10608,NaN,55,81,52,26,NaN,NaN,9420944,995656,53,52736,43520,NaN,NaN
2026-04-10 15:17:08.840,54000,ESTAB,cubic,228,24.592,3.368,20.154,1448,10,14480,NaN,74958,74958,10608,NaN,55,81,52,26,NaN,NaN,9420944,995656,53,52736,43520,NaN,NaN
2026-04-10 15:17:09.096,54000,ESTAB,cubic,228,24.592,3.368,20.154,1448,10,14480,NaN,74958,74958,10608,NaN,55,81,52,26,NaN,NaN,9420944,995656,53,52736,43520,NaN,NaN
2026-04-10 15:17:09.353,54000,ESTAB,cubic,228,24.592,3.368,20.154,1448,10,14480,NaN,74958,74958,10608,NaN,55,81,52,26,NaN,NaN,9420944,995656,53,52736,43520,NaN,NaN
2026-04-10 15:17:09.613,54000,ESTAB,cubic,228,24.592,3.368,20.154,1448,10,14480,NaN,74958,74958,10608,NaN,55,81,52,26,NaN,NaN,9420944,995656,53,52736,43520,NaN,NaN
2026-04-10 15:17:09.886,54000,ESTAB,cubic,228,24.592,3.368,20.154,1448,10,14480,NaN,74958,74958,10608,NaN,55,81,52,26,NaN,NaN,9420944,995656,53,52736,43520,NaN,NaN
2026-04-10 15:17:10.140,54000,ESTAB,cubic,228,24.592,3.368,20.154,1448,10,14480,NaN,74958,74958,10608,NaN,55,81,52,26,NaN,NaN,9420944,995656,53,52736,43520,NaN,NaN
2026-04-10 15:17:10.405,54000,ESTAB,cubic,228,24.592,3.368,20.154,1448,10,14480,NaN,74958,74958,10608,NaN,55,81,52,26,NaN,NaN,9420944,995656,53,52736,43520,NaN,NaN
2026-04-10 15:17:10.669,54000,ESTAB,cubic,228,24.592,3.368,20.154,1448,10,14480,NaN,74958,74958,10608,NaN,55,81,52,26,NaN,NaN,9420944,995656,53,52736,43520,NaN,NaN
2026-04-10 15:17:10.937,54000,ESTAB,cubic,228,24.592,3.368,20.154,1448,10,14480,NaN,74958,74958,10608,NaN,55,81,52,26,NaN,NaN,9420944,995656,53,52736,43520,NaN,NaN
2026-04-10 15:17:11.205,54000,ESTAB,cubic,228,24.592,3.368,20.154,1448,10,14480,NaN,74958,74958,10608,NaN,55,81,52,26,NaN,NaN,9420944,995656,53,52736,43520,NaN,NaN
2026-04-10 15:17:11.465,54000,ESTAB,cubic,228,24.592,3.368,20.154,1448,10,14480,NaN,74958,74958,10608,NaN,55,81,52,26,NaN,NaN,9420944,995656,53,52736,43520,NaN,NaN
2026-04-10 15:17:11.730,54000,ESTAB,cubic,228,24.592,3.368,20.154,1448,10,14480,NaN,74958,74958,10608,NaN,55,81,52,26,NaN,NaN,9420944,995656,53,52736,43520,NaN,NaN
2026-04-10 15:17:11.985,54000,ESTAB,cubic,228,24.592,3.368,20.154,1448,10,14480,NaN,74958,74958,10608,NaN,55,81,52,26,NaN,NaN,9420944,995656,53,52736,43520,NaN,NaN
2026-04-10 15:17:12.240,54000,ESTAB,cubic,228,24.592,3.368,20.154,1448,10,14480,NaN,74958,74958,10608,NaN,55,81,52,26,NaN,NaN,9420944,995656,53,52736,43520,NaN,NaN
2026-04-10 15:17:12.512,54000,ESTAB,cubic,228,24.591,3.458,20.154,1448,10,14480,NaN,77841,77841,11016,NaN,57,84,54,27,NaN,NaN,9421136,995656,55,52736,43520,NaN,NaN
2026-04-10 15:17:12.770,54000,ESTAB,cubic,228,24.591,3.458,20.154,1448,10,14480,NaN,77841,77841,11016,NaN,57,84,54,27,NaN,NaN,9421136,995656,55,52736,43520,NaN,NaN
2026-04-10 15:17:13.037,54000,ESTAB,cubic,228,24.591,3.458,20.154,1448,10,14480,NaN,77841,77841,11016,NaN,57,84,54,27,NaN,NaN,9421136,995656,55,52736,43520,NaN,NaN
2026-04-10 15:17:13.298,54000,ESTAB,cubic,228,24.591,3.458,20.154,1448,10,14480,NaN,77841,77841,11016,NaN,57,84,54,27,NaN,NaN,9421136,995656,55,52736,43520,NaN,NaN
2026-04-10 15:17:13.560,54000,ESTAB,cubic,228,24.591,3.458,20.154,1448,10,14480,NaN,77841,77841,11016,NaN,57,84,54,27,NaN,NaN,9421136,995656,55,52736,43520,NaN,NaN
2026-04-10 15:17:13.816,54000,ESTAB,cubic,228,24.591,3.458,20.154,1448,10,14480,NaN,77841,77841,11016,NaN,57,84,54,27,NaN,NaN,9421136,995656,55,52736,43520,NaN,NaN
2026-04-10 15:17:14.088,54000,ESTAB,cubic,228,24.591,3.458,20.154,1448,10,14480,NaN,77841,77841,11016,NaN,57,84,54,27,NaN,NaN,9421136,995656,55,52736,43520,NaN,NaN
2026-04-10 15:17:14.339,54000,ESTAB,cubic,228,24.591,3.458,20.154,1448,10,14480,NaN,77841,77841,11016,NaN,57,84,54,27,NaN,NaN,9421136,995656,55,52736,43520,NaN,NaN
2026-04-10 15:17:14.582,54000,ESTAB,cubic,228,24.693,3.598,20.154,1448,10,14480,NaN,80724,80724,11424,NaN,59,87,56,28,NaN,NaN,9382320,995656,57,52736,43520,NaN,NaN
2026-04-10 15:17:14.828,54000,ESTAB,cubic,228,24.693,3.598,20.154,1448,10,14480,NaN,80724,80724,11424,NaN,59,87,56,28,NaN,NaN,9382320,995656,57,52736,43520,NaN,NaN
2026-04-10 15:17:15.081,54000,ESTAB,cubic,228,24.693,3.598,20.154,1448,10,14480,NaN,80724,80724,11424,NaN,59,87,56,28,NaN,NaN,9382320,995656,57,52736,43520,NaN,NaN
2026-04-10 15:17:15.336,54000,ESTAB,cubic,228,24.693,3.598,20.154,1448,10,14480,NaN,80724,80724,11424,NaN,59,87,56,28,NaN,NaN,9382320,995656,57,52736,43520,NaN,NaN
2026-04-10 15:17:15.584,54000,ESTAB,cubic,228,24.693,3.598,20.154,1448,10,14480,NaN,80724,80724,11424,NaN,59,87,56,28,NaN,NaN,9382320,995656,57,52736,43520,NaN,NaN
2026-04-10 15:17:15.843,54000,ESTAB,cubic,228,24.693,3.598,20.154,1448,10,14480,NaN,80724,80724,11424,NaN,59,87,56,28,NaN,NaN,9382320,995656,57,52736,43520,NaN,NaN
2026-04-10 15:17:16.114,54000,ESTAB,cubic,228,24.693,3.598,20.154,1448,10,14480,NaN,80724,80724,11424,NaN,59,87,56,28,NaN,NaN,9382320,995656,57,52736,43520,NaN,NaN
2026-04-10 15:17:16.375,54000,ESTAB,cubic,228,24.693,3.598,20.154,1448,10,14480,NaN,80724,80724,11424,NaN,59,87,56,28,NaN,NaN,9382320,995656,57,52736,43520,NaN,NaN
2026-04-10 15:17:16.637,54000,ESTAB,cubic,228,24.746,3.675,20.154,1448,10,14480,NaN,83607,83607,11832,NaN,61,90,58,29,NaN,NaN,9362272,995656,59,52736,43520,NaN,NaN
2026-04-10 15:17:16.879,54000,ESTAB,cubic,228,24.746,3.675,20.154,1448,10,14480,NaN,83607,83607,11832,NaN,61,90,58,29,NaN,NaN,9362272,995656,59,52736,43520,NaN,NaN
2026-04-10 15:17:17.124,54000,ESTAB,cubic,228,24.746,3.675,20.154,1448,10,14480,NaN,83607,83607,11832,NaN,61,90,58,29,NaN,NaN,9362272,995656,59,52736,43520,NaN,NaN
2026-04-10 15:17:17.361,54000,ESTAB,cubic,228,24.746,3.675,20.154,1448,10,14480,NaN,83607,83607,11832,NaN,61,90,58,29,NaN,NaN,9362272,995656,59,52736,43520,NaN,NaN
2026-04-10 15:17:17.610,54000,ESTAB,cubic,228,24.746,3.675,20.154,1448,10,14480,NaN,83607,83607,11832,NaN,61,90,58,29,NaN,NaN,9362272,995656,59,52736,43520,NaN,NaN
2026-04-10 15:17:17.869,54000,ESTAB,cubic,228,24.746,3.675,20.154,1448,10,14480,NaN,83607,83607,11832,NaN,61,90,58,29,NaN,NaN,9362272,995656,59,52736,43520,NaN,NaN
2026-04-10 15:17:18.127,54000,ESTAB,cubic,228,24.746,3.675,20.154,1448,10,14480,NaN,83607,83607,11832,NaN,61,90,58,29,NaN,NaN,9362272,995656,59,52736,43520,NaN,NaN
2026-04-10 15:17:18.388,54000,ESTAB,cubic,228,24.746,3.675,20.154,1448,10,14480,NaN,83607,83607,11832,NaN,61,90,58,29,NaN,NaN,9362272,995656,59,52736,43520,NaN,NaN
2026-04-10 15:17:18.644,54000,ESTAB,cubic,228,24.746,3.675,20.154,1448,10,14480,NaN,83607,83607,11832,NaN,61,90,58,29,NaN,NaN,9362272,995656,59,52736,43520,NaN,NaN
2026-04-10 15:17:18.899,54000,ESTAB,cubic,228,24.746,3.675,20.154,1448,10,14480,NaN,83607,83607,11832,NaN,61,90,58,29,NaN,NaN,9362272,995656,59,52736,43520,NaN,NaN
2026-04-10 15:17:19.161,54000,ESTAB,cubic,228,24.746,3.675,20.154,1448,10,14480,NaN,83607,83607,11832,NaN,61,90,58,29,NaN,NaN,9362272,995656,59,52736,43520,NaN,NaN
2026-04-10 15:17:19.435,54000,ESTAB,cubic,228,24.746,3.675,20.154,1448,10,14480,NaN,83607,83607,11832,NaN,61,90,58,29,NaN,NaN,9362272,995656,59,52736,43520,NaN,NaN
2026-04-10 15:17:19.709,54000,ESTAB,cubic,228,24.746,3.675,20.154,1448,10,14480,NaN,83607,83607,11832,NaN,61,90,58,29,NaN,NaN,9362272,995656,59,52736,43520,NaN,NaN
2026-04-10 15:17:19.974,54000,ESTAB,cubic,228,24.746,3.675,20.154,1448,10,14480,NaN,83607,83607,11832,NaN,61,90,58,29,NaN,NaN,9362272,995656,59,52736,43520,NaN,NaN
2026-04-10 15:17:20.231,54000,ESTAB,cubic,228,24.746,3.675,20.154,1448,10,14480,NaN,83607,83607,11832,NaN,61,90,58,29,NaN,NaN,9362272,995656,59,52736,43520,NaN,NaN
2026-04-10 15:17:20.497,54000,ESTAB,cubic,228,24.746,3.675,20.154,1448,10,14480,NaN,83607,83607,11832,NaN,61,90,58,29,NaN,NaN,9362272,995656,59,52736,43520,NaN,NaN
2026-04-10 15:17:20.778,54000,ESTAB,cubic,228,24.746,3.675,20.154,1448,10,14480,NaN,83607,83607,11832,NaN,61,90,58,29,NaN,NaN,9362272,995656,59,52736,43520,NaN,NaN
2026-04-10 15:17:21.039,54000,ESTAB,cubic,228,24.746,3.675,20.154,1448,10,14480,NaN,83607,83607,11832,NaN,61,90,58,29,NaN,NaN,9362272,995656,59,52736,43520,NaN,NaN
2026-04-10 15:17:21.293,54000,ESTAB,cubic,228,24.746,3.675,20.154,1448,10,14480,NaN,83607,83607,11832,NaN,61,90,58,29,NaN,NaN,9362272,995656,59,52736,43520,NaN,NaN
2026-04-10 15:17:21.542,54000,ESTAB,cubic,228,24.746,3.675,20.154,1448,10,14480,NaN,83607,83607,11832,NaN,61,90,58,29,NaN,NaN,9362272,995656,59,52736,43520,NaN,NaN
2026-04-10 15:17:21.815,54000,ESTAB,cubic,228,24.746,3.675,20.154,1448,10,14480,NaN,83607,83607,11832,NaN,61,90,58,29,NaN,NaN,9362272,995656,59,52736,43520,NaN,NaN
2026-04-10 15:17:22.073,54000,ESTAB,cubic,228,24.746,3.675,20.154,1448,10,14480,NaN,83607,83607,11832,NaN,61,90,58,29,NaN,NaN,9362272,995656,59,52736,43520,NaN,NaN
2026-04-10 15:17:22.315,54000,ESTAB,cubic,228,24.746,3.675,20.154,1448,10,14480,NaN,83607,83607,11832,NaN,61,90,58,29,NaN,NaN,9362272,995656,59,52736,43520,NaN,NaN
2026-04-10 15:17:22.554,54000,ESTAB,cubic,228,24.746,3.675,20.154,1448,10,14480,NaN,83607,83607,11832,NaN,61,90,58,29,NaN,NaN,9362272,995656,59,52736,43520,NaN,NaN
2026-04-10 15:17:22.810,54000,ESTAB,cubic,228,24.746,3.675,20.154,1448,10,14480,NaN,83607,83607,11832,NaN,61,90,58,29,NaN,NaN,9362272,995656,59,52736,43520,NaN,NaN
2026-04-10 15:17:23.062,54000,ESTAB,cubic,228,24.746,3.675,20.154,1448,10,14480,NaN,83607,83607,11832,NaN,61,90,58,29,NaN,NaN,9362272,995656,59,52736,43520,NaN,NaN
2026-04-10 15:17:23.305,54000,ESTAB,cubic,228,24.746,3.675,20.154,1448,10,14480,NaN,83607,83607,11832,NaN,61,90,58,29,NaN,NaN,9362272,995656,59,52736,43520,NaN,NaN
2026-04-10 15:17:23.549,54000,ESTAB,cubic,228,24.746,3.675,20.154,1448,10,14480,NaN,83607,83607,11832,NaN,61,90,58,29,NaN,NaN,9362272,995656,59,52736,43520,NaN,NaN
2026-04-10 15:17:23.809,54000,ESTAB,cubic,228,24.746,3.675,20.154,1448,10,14480,NaN,83607,83607,11832,NaN,61,90,58,29,NaN,NaN,9362272,995656,59,52736,43520,NaN,NaN
2026-04-10 15:17:24.070,54000,ESTAB,cubic,228,24.746,3.675,20.154,1448,10,14480,NaN,83607,83607,11832,NaN,61,90,58,29,NaN,NaN,9362272,995656,59,52736,43520,NaN,NaN
2026-04-10 15:17:24.332,54000,ESTAB,cubic,228,24.746,3.675,20.154,1448,10,14480,NaN,83607,83607,11832,NaN,61,90,58,29,NaN,NaN,9362272,995656,59,52736,43520,NaN,NaN
2026-04-10 15:17:24.593,54000,ESTAB,cubic,228,24.746,3.675,20.154,1448,10,14480,NaN,83607,83607,11832,NaN,61,90,58,29,NaN,NaN,9362272,995656,59,52736,43520,NaN,NaN
2026-04-10 15:17:24.862,54000,ESTAB,cubic,228,24.746,3.675,20.154,1448,10,14480,NaN,83607,83607,11832,NaN,61,90,58,29,NaN,NaN,9362272,995656,59,52736,43520,NaN,NaN
2026-04-10 15:17:25.127,54000,ESTAB,cubic,228,24.746,3.675,20.154,1448,10,14480,NaN,83607,83607,11832,NaN,61,90,58,29,NaN,NaN,9362272,995656,59,52736,43520,NaN,NaN
2026-04-10 15:17:25.398,54000,ESTAB,cubic,228,24.746,3.675,20.154,1448,10,14480,NaN,83607,83607,11832,NaN,61,90,58,29,NaN,NaN,9362272,995656,59,52736,43520,NaN,NaN
2026-04-10 15:17:25.671,54000,ESTAB,cubic,228,24.746,3.675,20.154,1448,10,14480,NaN,83607,83607,11832,NaN,61,90,58,29,NaN,NaN,9362272,995656,59,52736,43520,NaN,NaN
2026-04-10 15:17:25.921,54000,ESTAB,cubic,228,24.746,3.675,20.154,1448,10,14480,NaN,83607,83607,11832,NaN,61,90,58,29,NaN,NaN,9362272,995656,59,52736,43520,NaN,NaN
2026-04-10 15:17:26.182,54000,ESTAB,cubic,228,24.746,3.675,20.154,1448,10,14480,NaN,83607,83607,11832,NaN,61,90,58,29,NaN,NaN,9362272,995656,59,52736,43520,NaN,NaN
2026-04-10 15:17:26.433,54000,ESTAB,cubic,228,24.746,3.675,20.154,1448,10,14480,NaN,83607,83607,11832,NaN,61,90,58,29,NaN,NaN,9362272,995656,59,52736,43520,NaN,NaN
2026-04-10 15:17:26.670,54000,ESTAB,cubic,228,24.746,3.675,20.154,1448,10,14480,NaN,83607,83607,11832,NaN,61,90,58,29,NaN,NaN,9362272,995656,59,52736,43520,NaN,NaN
2026-04-10 15:17:26.932,54000,ESTAB,cubic,228,24.746,3.675,20.154,1448,10,14480,NaN,83607,83607,11832,NaN,61,90,58,29,NaN,NaN,9362272,995656,59,52736,43520,NaN,NaN
2026-04-10 15:17:27.201,54000,ESTAB,cubic,228,24.746,3.675,20.154,1448,10,14480,NaN,83607,83607,11832,NaN,61,90,58,29,NaN,NaN,9362272,995656,59,52736,43520,NaN,NaN
2026-04-10 15:17:27.475,54000,ESTAB,cubic,228,24.746,3.675,20.154,1448,10,14480,NaN,83607,83607,11832,NaN,61,90,58,29,NaN,NaN,9362272,995656,59,52736,43520,NaN,NaN
2026-04-10 15:17:27.745,54000,ESTAB,cubic,228,24.746,3.675,20.154,1448,10,14480,NaN,83607,83607,11832,NaN,61,90,58,29,NaN,NaN,9362272,995656,59,52736,43520,NaN,NaN
2026-04-10 15:17:27.998,54000,ESTAB,cubic,228,24.746,3.675,20.154,1448,10,14480,NaN,83607,83607,11832,NaN,61,90,58,29,NaN,NaN,9362272,995656,59,52736,43520,NaN,NaN
2026-04-10 15:17:28.264,54000,ESTAB,cubic,228,24.746,3.675,20.154,1448,10,14480,NaN,83607,83607,11832,NaN,61,90,58,29,NaN,NaN,9362272,995656,59,52736,43520,NaN,NaN
2026-04-10 15:17:28.537,54000,ESTAB,cubic,228,24.746,3.675,20.154,1448,10,14480,NaN,83607,83607,11832,NaN,61,90,58,29,NaN,NaN,9362272,995656,59,52736,43520,NaN,NaN
2026-04-10 15:17:28.794,54000,ESTAB,cubic,228,24.689,3.249,20.154,1448,10,14480,NaN,86490,86490,12240,NaN,63,93,60,30,NaN,NaN,9383936,995656,61,52736,43520,NaN,NaN
2026-04-10 15:17:29.046,54000,ESTAB,cubic,228,24.689,3.249,20.154,1448,10,14480,NaN,86490,86490,12240,NaN,63,93,60,30,NaN,NaN,9383936,995656,61,52736,43520,NaN,NaN
2026-04-10 15:17:29.302,54000,ESTAB,cubic,228,24.689,3.249,20.154,1448,10,14480,NaN,86490,86490,12240,NaN,63,93,60,30,NaN,NaN,9383936,995656,61,52736,43520,NaN,NaN
2026-04-10 15:17:29.563,54000,ESTAB,cubic,228,24.689,3.249,20.154,1448,10,14480,NaN,86490,86490,12240,NaN,63,93,60,30,NaN,NaN,9383936,995656,61,52736,43520,NaN,NaN
2026-04-10 15:17:29.836,54000,ESTAB,cubic,228,24.689,3.249,20.154,1448,10,14480,NaN,86490,86490,12240,NaN,63,93,60,30,NaN,NaN,9383936,995656,61,52736,43520,NaN,NaN
2026-04-10 15:17:30.108,54000,ESTAB,cubic,228,24.689,3.249,20.154,1448,10,14480,NaN,86490,86490,12240,NaN,63,93,60,30,NaN,NaN,9383936,995656,61,52736,43520,NaN,NaN
2026-04-10 15:17:30.370,54000,ESTAB,cubic,228,24.689,3.249,20.154,1448,10,14480,NaN,86490,86490,12240,NaN,63,93,60,30,NaN,NaN,9383936,995656,61,52736,43520,NaN,NaN
2026-04-10 15:17:30.615,54000,ESTAB,cubic,228,24.689,3.249,20.154,1448,10,14480,NaN,86490,86490,12240,NaN,63,93,60,30,NaN,NaN,9383936,995656,61,52736,43520,NaN,NaN
2026-04-10 15:17:30.867,54000,ESTAB,cubic,228,24.625,3.041,20.154,1448,10,14480,NaN,89373,89373,12648,NaN,65,96,62,31,NaN,NaN,9408032,995656,63,52736,43520,NaN,NaN
2026-04-10 15:17:31.129,54000,ESTAB,cubic,228,24.625,3.041,20.154,1448,10,14480,NaN,89373,89373,12648,NaN,65,96,62,31,NaN,NaN,9408032,995656,63,52736,43520,NaN,NaN
2026-04-10 15:17:31.395,54000,ESTAB,cubic,228,24.625,3.041,20.154,1448,10,14480,NaN,89373,89373,12648,NaN,65,96,62,31,NaN,NaN,9408032,995656,63,52736,43520,NaN,NaN
2026-04-10 15:17:31.663,54000,ESTAB,cubic,228,24.625,3.041,20.154,1448,10,14480,NaN,89373,89373,12648,NaN,65,96,62,31,NaN,NaN,9408032,995656,63,52736,43520,NaN,NaN
2026-04-10 15:17:31.927,54000,ESTAB,cubic,228,24.625,3.041,20.154,1448,10,14480,NaN,89373,89373,12648,NaN,65,96,62,31,NaN,NaN,9408032,995656,63,52736,43520,NaN,NaN
2026-04-10 15:17:32.187,54000,ESTAB,cubic,228,24.625,3.041,20.154,1448,10,14480,NaN,89373,89373,12648,NaN,65,96,62,31,NaN,NaN,9408032,995656,63,52736,43520,NaN,NaN
2026-04-10 15:17:32.447,54000,ESTAB,cubic,228,24.625,3.041,20.154,1448,10,14480,NaN,89373,89373,12648,NaN,65,96,62,31,NaN,NaN,9408032,995656,63,52736,43520,NaN,NaN
2026-04-10 15:17:32.716,54000,ESTAB,cubic,228,24.625,3.041,20.154,1448,10,14480,NaN,89373,89373,12648,NaN,65,96,62,31,NaN,NaN,9408032,995656,63,52736,43520,NaN,NaN
2026-04-10 15:17:32.996,54000,ESTAB,cubic,228,24.625,3.041,20.154,1448,10,14480,NaN,89373,89373,12648,NaN,65,96,62,31,NaN,NaN,9408032,995656,63,52736,43520,NaN,NaN
2026-04-10 15:17:33.257,54000,ESTAB,cubic,228,24.625,3.041,20.154,1448,10,14480,NaN,89373,89373,12648,NaN,65,96,62,31,NaN,NaN,9408032,995656,63,52736,43520,NaN,NaN
2026-04-10 15:17:33.517,54000,ESTAB,cubic,228,24.625,3.041,20.154,1448,10,14480,NaN,89373,89373,12648,NaN,65,96,62,31,NaN,NaN,9408032,995656,63,52736,43520,NaN,NaN
2026-04-10 15:17:33.777,54000,ESTAB,cubic,228,24.625,3.041,20.154,1448,10,14480,NaN,89373,89373,12648,NaN,65,96,62,31,NaN,NaN,9408032,995656,63,52736,43520,NaN,NaN
2026-04-10 15:17:34.041,54000,ESTAB,cubic,228,24.625,3.041,20.154,1448,10,14480,NaN,89373,89373,12648,NaN,65,96,62,31,NaN,NaN,9408032,995656,63,52736,43520,NaN,NaN
2026-04-10 15:17:34.307,54000,ESTAB,cubic,228,24.625,3.041,20.154,1448,10,14480,NaN,89373,89373,12648,NaN,65,96,62,31,NaN,NaN,9408032,995656,63,52736,43520,NaN,NaN
2026-04-10 15:17:34.555,54000,ESTAB,cubic,228,24.625,3.041,20.154,1448,10,14480,NaN,89373,89373,12648,NaN,65,96,62,31,NaN,NaN,9408032,995656,63,52736,43520,NaN,NaN
2026-04-10 15:17:34.807,54000,ESTAB,cubic,228,24.625,3.041,20.154,1448,10,14480,NaN,89373,89373,12648,NaN,65,96,62,31,NaN,NaN,9408032,995656,63,52736,43520,NaN,NaN
2026-04-10 15:17:35.066,54000,ESTAB,cubic,228,24.625,3.041,20.154,1448,10,14480,NaN,89373,89373,12648,NaN,65,96,62,31,NaN,NaN,9408032,995656,63,52736,43520,NaN,NaN
2026-04-10 15:17:35.321,54000,ESTAB,cubic,228,24.625,3.041,20.154,1448,10,14480,NaN,89373,89373,12648,NaN,65,96,62,31,NaN,NaN,9408032,995656,63,52736,43520,NaN,NaN
2026-04-10 15:17:35.577,54000,ESTAB,cubic,228,24.625,3.041,20.154,1448,10,14480,NaN,89373,89373,12648,NaN,65,96,62,31,NaN,NaN,9408032,995656,63,52736,43520,NaN,NaN
2026-04-10 15:17:35.828,54000,ESTAB,cubic,228,24.625,3.041,20.154,1448,10,14480,NaN,89373,89373,12648,NaN,65,96,62,31,NaN,NaN,9408032,995656,63,52736,43520,NaN,NaN
2026-04-10 15:17:36.068,54000,ESTAB,cubic,228,24.625,3.041,20.154,1448,10,14480,NaN,89373,89373,12648,NaN,65,96,62,31,NaN,NaN,9408032,995656,63,52736,43520,NaN,NaN
2026-04-10 15:17:36.314,54000,ESTAB,cubic,228,24.625,3.041,20.154,1448,10,14480,NaN,89373,89373,12648,NaN,65,96,62,31,NaN,NaN,9408032,995656,63,52736,43520,NaN,NaN
2026-04-10 15:17:36.572,54000,ESTAB,cubic,228,24.625,3.041,20.154,1448,10,14480,NaN,89373,89373,12648,NaN,65,96,62,31,NaN,NaN,9408032,995656,63,52736,43520,NaN,NaN
2026-04-10 15:17:36.834,54000,ESTAB,cubic,228,24.625,3.041,20.154,1448,10,14480,NaN,89373,89373,12648,NaN,65,96,62,31,NaN,NaN,9408032,995656,63,52736,43520,NaN,NaN
2026-04-10 15:17:37.089,54000,ESTAB,cubic,228,24.625,3.041,20.154,1448,10,14480,NaN,89373,89373,12648,NaN,65,96,62,31,NaN,NaN,9408032,995656,63,52736,43520,NaN,NaN
2026-04-10 15:17:37.346,54000,ESTAB,cubic,228,24.625,3.041,20.154,1448,10,14480,NaN,89373,89373,12648,NaN,65,96,62,31,NaN,NaN,9408032,995656,63,52736,43520,NaN,NaN
2026-04-10 15:17:37.601,54000,ESTAB,cubic,228,24.625,3.041,20.154,1448,10,14480,NaN,89373,89373,12648,NaN,65,96,62,31,NaN,NaN,9408032,995656,63,52736,43520,NaN,NaN
2026-04-10 15:17:37.863,54000,ESTAB,cubic,228,24.625,3.041,20.154,1448,10,14480,NaN,89373,89373,12648,NaN,65,96,62,31,NaN,NaN,9408032,995656,63,52736,43520,NaN,NaN
2026-04-10 15:17:38.140,54000,ESTAB,cubic,228,24.625,3.041,20.154,1448,10,14480,NaN,89373,89373,12648,NaN,65,96,62,31,NaN,NaN,9408032,995656,63,52736,43520,NaN,NaN
2026-04-10 15:17:38.400,54000,ESTAB,cubic,228,24.625,3.041,20.154,1448,10,14480,NaN,89373,89373,12648,NaN,65,96,62,31,NaN,NaN,9408032,995656,63,52736,43520,NaN,NaN
2026-04-10 15:17:38.660,54000,ESTAB,cubic,228,24.625,3.041,20.154,1448,10,14480,NaN,89373,89373,12648,NaN,65,96,62,31,NaN,NaN,9408032,995656,63,52736,43520,NaN,NaN
2026-04-10 15:17:38.927,54000,ESTAB,cubic,228,24.625,3.041,20.154,1448,10,14480,NaN,89373,89373,12648,NaN,65,96,62,31,NaN,NaN,9408032,995656,63,52736,43520,NaN,NaN
2026-04-10 15:17:39.173,54000,ESTAB,cubic,228,24.625,3.041,20.154,1448,10,14480,NaN,89373,89373,12648,NaN,65,96,62,31,NaN,NaN,9408032,995656,63,52736,43520,NaN,NaN
2026-04-10 15:17:39.441,54000,ESTAB,cubic,228,24.625,3.041,20.154,1448,10,14480,NaN,89373,89373,12648,NaN,65,96,62,31,NaN,NaN,9408032,995656,63,52736,43520,NaN,NaN
2026-04-10 15:17:39.704,54000,ESTAB,cubic,228,24.625,3.041,20.154,1448,10,14480,NaN,89373,89373,12648,NaN,65,96,62,31,NaN,NaN,9408032,995656,63,52736,43520,NaN,NaN
2026-04-10 15:17:39.969,54000,ESTAB,cubic,228,24.625,3.041,20.154,1448,10,14480,NaN,89373,89373,12648,NaN,65,96,62,31,NaN,NaN,9408032,995656,63,52736,43520,NaN,NaN
2026-04-10 15:17:40.225,54000,ESTAB,cubic,228,24.625,3.041,20.154,1448,10,14480,NaN,89373,89373,12648,NaN,65,96,62,31,NaN,NaN,9408032,995656,63,52736,43520,NaN,NaN
2026-04-10 15:17:40.479,54000,ESTAB,cubic,228,24.625,3.041,20.154,1448,10,14480,NaN,89373,89373,12648,NaN,65,96,62,31,NaN,NaN,9408032,995656,63,52736,43520,NaN,NaN
2026-04-10 15:17:40.737,54000,ESTAB,cubic,228,24.625,3.041,20.154,1448,10,14480,NaN,89373,89373,12648,NaN,65,96,62,31,NaN,NaN,9408032,995656,63,52736,43520,NaN,NaN
2026-04-10 15:17:40.986,54000,ESTAB,cubic,228,24.625,3.041,20.154,1448,10,14480,NaN,89373,89373,12648,NaN,65,96,62,31,NaN,NaN,9408032,995656,63,52736,43520,NaN,NaN
2026-04-10 15:17:41.239,54000,ESTAB,cubic,228,24.625,3.041,20.154,1448,10,14480,NaN,89373,89373,12648,NaN,65,96,62,31,NaN,NaN,9408032,995656,63,52736,43520,NaN,NaN
2026-04-10 15:17:41.509,54000,ESTAB,cubic,228,24.625,3.041,20.154,1448,10,14480,NaN,89373,89373,12648,NaN,65,96,62,31,NaN,NaN,9408032,995656,63,52736,43520,NaN,NaN
2026-04-10 15:17:41.770,54000,ESTAB,cubic,228,24.625,3.041,20.154,1448,10,14480,NaN,89373,89373,12648,NaN,65,96,62,31,NaN,NaN,9408032,995656,63,52736,43520,NaN,NaN
2026-04-10 15:17:42.026,54000,ESTAB,cubic,228,24.625,3.041,20.154,1448,10,14480,NaN,89373,89373,12648,NaN,65,96,62,31,NaN,NaN,9408032,995656,63,52736,43520,NaN,NaN
2026-04-10 15:17:42.292,54000,ESTAB,cubic,228,24.625,3.041,20.154,1448,10,14480,NaN,89373,89373,12648,NaN,65,96,62,31,NaN,NaN,9408032,995656,63,52736,43520,NaN,NaN
2026-04-10 15:17:42.536,54000,ESTAB,cubic,228,24.625,3.041,20.154,1448,10,14480,NaN,89373,89373,12648,NaN,65,96,62,31,NaN,NaN,9408032,995656,63,52736,43520,NaN,NaN
2026-04-10 15:17:42.802,54000,ESTAB,cubic,228,24.625,3.041,20.154,1448,10,14480,NaN,89373,89373,12648,NaN,65,96,62,31,NaN,NaN,9408032,995656,63,52736,43520,NaN,NaN
2026-04-10 15:17:43.064,54000,ESTAB,cubic,228,24.625,3.041,20.154,1448,10,14480,NaN,89373,89373,12648,NaN,65,96,62,31,NaN,NaN,9408032,995656,63,52736,43520,NaN,NaN
2026-04-10 15:17:43.314,54000,ESTAB,cubic,228,24.625,3.041,20.154,1448,10,14480,NaN,89373,89373,12648,NaN,65,96,62,31,NaN,NaN,9408032,995656,63,52736,43520,NaN,NaN
2026-04-10 15:17:43.560,54000,ESTAB,cubic,228,24.625,3.041,20.154,1448,10,14480,NaN,89373,89373,12648,NaN,65,96,62,31,NaN,NaN,9408032,995656,63,52736,43520,NaN,NaN
2026-04-10 15:17:43.837,54000,ESTAB,cubic,228,24.625,3.041,20.154,1448,10,14480,NaN,89373,89373,12648,NaN,65,96,62,31,NaN,NaN,9408032,995656,63,52736,43520,NaN,NaN
2026-04-10 15:17:44.093,54000,ESTAB,cubic,228,24.625,3.041,20.154,1448,10,14480,NaN,89373,89373,12648,NaN,65,96,62,31,NaN,NaN,9408032,995656,63,52736,43520,NaN,NaN
2026-04-10 15:17:44.344,54000,ESTAB,cubic,228,24.625,3.041,20.154,1448,10,14480,NaN,89373,89373,12648,NaN,65,96,62,31,NaN,NaN,9408032,995656,63,52736,43520,NaN,NaN
2026-04-10 15:17:44.590,54000,ESTAB,cubic,228,24.625,3.041,20.154,1448,10,14480,NaN,89373,89373,12648,NaN,65,96,62,31,NaN,NaN,9408032,995656,63,52736,43520,NaN,NaN
2026-04-10 15:17:44.855,54000,ESTAB,cubic,228,24.625,3.041,20.154,1448,10,14480,NaN,89373,89373,12648,NaN,65,96,62,31,NaN,NaN,9408032,995656,63,52736,43520,NaN,NaN
2026-04-10 15:17:45.116,54000,ESTAB,cubic,228,24.673,3.235,20.154,1448,10,14480,NaN,92256,92256,13056,NaN,67,99,64,32,NaN,NaN,9389736,995656,65,52736,43520,NaN,NaN
2026-04-10 15:17:45.387,54000,ESTAB,cubic,228,24.673,3.235,20.154,1448,10,14480,NaN,92256,92256,13056,NaN,67,99,64,32,NaN,NaN,9389736,995656,65,52736,43520,NaN,NaN
2026-04-10 15:17:45.647,54000,ESTAB,cubic,228,24.673,3.235,20.154,1448,10,14480,NaN,92256,92256,13056,NaN,67,99,64,32,NaN,NaN,9389736,995656,65,52736,43520,NaN,NaN
2026-04-10 15:17:45.907,54000,ESTAB,cubic,228,24.673,3.235,20.154,1448,10,14480,NaN,92256,92256,13056,NaN,67,99,64,32,NaN,NaN,9389736,995656,65,52736,43520,NaN,NaN
2026-04-10 15:17:46.168,54000,ESTAB,cubic,228,24.673,3.235,20.154,1448,10,14480,NaN,92256,92256,13056,NaN,67,99,64,32,NaN,NaN,9389736,995656,65,52736,43520,NaN,NaN
2026-04-10 15:17:46.431,54000,ESTAB,cubic,228,24.673,3.235,20.154,1448,10,14480,NaN,92256,92256,13056,NaN,67,99,64,32,NaN,NaN,9389736,995656,65,52736,43520,NaN,NaN
2026-04-10 15:17:46.707,54000,ESTAB,cubic,228,24.673,3.235,20.154,1448,10,14480,NaN,92256,92256,13056,NaN,67,99,64,32,NaN,NaN,9389736,995656,65,52736,43520,NaN,NaN
2026-04-10 15:17:46.984,54000,ESTAB,cubic,228,24.673,3.235,20.154,1448,10,14480,NaN,92256,92256,13056,NaN,67,99,64,32,NaN,NaN,9389736,995656,65,52736,43520,NaN,NaN
2026-04-10 15:17:47.246,54000,ESTAB,cubic,228,24.673,3.235,20.154,1448,10,14480,NaN,92256,92256,13056,NaN,67,99,64,32,NaN,NaN,9389736,995656,65,52736,43520,NaN,NaN
2026-04-10 15:17:47.507,54000,ESTAB,cubic,228,24.673,3.235,20.154,1448,10,14480,NaN,92256,92256,13056,NaN,67,99,64,32,NaN,NaN,9389736,995656,65,52736,43520,NaN,NaN
2026-04-10 15:17:47.768,54000,ESTAB,cubic,228,24.673,3.235,20.154,1448,10,14480,NaN,92256,92256,13056,NaN,67,99,64,32,NaN,NaN,9389736,995656,65,52736,43520,NaN,NaN
2026-04-10 15:17:48.030,54000,ESTAB,cubic,228,24.673,3.235,20.154,1448,10,14480,NaN,92256,92256,13056,NaN,67,99,64,32,NaN,NaN,9389736,995656,65,52736,43520,NaN,NaN
2026-04-10 15:17:48.292,54000,ESTAB,cubic,228,24.673,3.235,20.154,1448,10,14480,NaN,92256,92256,13056,NaN,67,99,64,32,NaN,NaN,9389736,995656,65,52736,43520,NaN,NaN
2026-04-10 15:17:48.552,54000,ESTAB,cubic,228,24.673,3.235,20.154,1448,10,14480,NaN,92256,92256,13056,NaN,67,99,64,32,NaN,NaN,9389736,995656,65,52736,43520,NaN,NaN
2026-04-10 15:17:48.812,54000,ESTAB,cubic,228,24.673,3.235,20.154,1448,10,14480,NaN,92256,92256,13056,NaN,67,99,64,32,NaN,NaN,9389736,995656,65,52736,43520,NaN,NaN
2026-04-10 15:17:49.082,54000,ESTAB,cubic,228,24.673,3.235,20.154,1448,10,14480,NaN,92256,92256,13056,NaN,67,99,64,32,NaN,NaN,9389736,995656,65,52736,43520,NaN,NaN
2026-04-10 15:17:49.330,54000,ESTAB,cubic,228,24.673,3.235,20.154,1448,10,14480,NaN,92256,92256,13056,NaN,67,99,64,32,NaN,NaN,9389736,995656,65,52736,43520,NaN,NaN
2026-04-10 15:17:49.587,54000,ESTAB,cubic,228,24.673,3.235,20.154,1448,10,14480,NaN,92256,92256,13056,NaN,67,99,64,32,NaN,NaN,9389736,995656,65,52736,43520,NaN,NaN
2026-04-10 15:17:49.848,54000,ESTAB,cubic,228,24.673,3.235,20.154,1448,10,14480,NaN,92256,92256,13056,NaN,67,99,64,32,NaN,NaN,9389736,995656,65,52736,43520,NaN,NaN
2026-04-10 15:17:50.110,54000,ESTAB,cubic,228,24.673,3.235,20.154,1448,10,14480,NaN,92256,92256,13056,NaN,67,99,64,32,NaN,NaN,9389736,995656,65,52736,43520,NaN,NaN
2026-04-10 15:17:50.366,54000,ESTAB,cubic,228,24.673,3.235,20.154,1448,10,14480,NaN,92256,92256,13056,NaN,67,99,64,32,NaN,NaN,9389736,995656,65,52736,43520,NaN,NaN
2026-04-10 15:17:50.617,54000,ESTAB,cubic,228,24.673,3.235,20.154,1448,10,14480,NaN,92256,92256,13056,NaN,67,99,64,32,NaN,NaN,9389736,995656,65,52736,43520,NaN,NaN
2026-04-10 15:17:50.878,54000,ESTAB,cubic,228,24.673,3.235,20.154,1448,10,14480,NaN,92256,92256,13056,NaN,67,99,64,32,NaN,NaN,9389736,995656,65,52736,43520,NaN,NaN
2026-04-10 15:17:51.148,54000,ESTAB,cubic,228,24.56,3.018,20.154,1448,10,14480,NaN,95139,95139,13464,NaN,69,102,66,33,NaN,NaN,9433032,995656,67,52736,43520,NaN,NaN
2026-04-10 15:17:51.408,54000,ESTAB,cubic,228,24.56,3.018,20.154,1448,10,14480,NaN,95139,95139,13464,NaN,69,102,66,33,NaN,NaN,9433032,995656,67,52736,43520,NaN,NaN
2026-04-10 15:17:51.657,54000,ESTAB,cubic,228,24.56,3.018,20.154,1448,10,14480,NaN,95139,95139,13464,NaN,69,102,66,33,NaN,NaN,9433032,995656,67,52736,43520,NaN,NaN
2026-04-10 15:17:51.921,54000,ESTAB,cubic,228,24.56,3.018,20.154,1448,10,14480,NaN,95139,95139,13464,NaN,69,102,66,33,NaN,NaN,9433032,995656,67,52736,43520,NaN,NaN
2026-04-10 15:17:52.184,54000,ESTAB,cubic,228,24.56,3.018,20.154,1448,10,14480,NaN,95139,95139,13464,NaN,69,102,66,33,NaN,NaN,9433032,995656,67,52736,43520,NaN,NaN
2026-04-10 15:17:52.439,54000,ESTAB,cubic,228,24.56,3.018,20.154,1448,10,14480,NaN,95139,95139,13464,NaN,69,102,66,33,NaN,NaN,9433032,995656,67,52736,43520,NaN,NaN
2026-04-10 15:17:52.696,54000,ESTAB,cubic,228,24.56,3.018,20.154,1448,10,14480,NaN,95139,95139,13464,NaN,69,102,66,33,NaN,NaN,9433032,995656,67,52736,43520,NaN,NaN
2026-04-10 15:17:52.951,54000,ESTAB,cubic,228,24.56,3.018,20.154,1448,10,14480,NaN,95139,95139,13464,NaN,69,102,66,33,NaN,NaN,9433032,995656,67,52736,43520,NaN,NaN
2026-04-10 15:17:53.197,54000,ESTAB,cubic,228,24.194,2.646,20.154,1448,10,14480,NaN,98022,98022,13872,NaN,71,105,68,34,NaN,NaN,9575824,995656,69,52736,43520,NaN,NaN
2026-04-10 15:17:53.451,54000,ESTAB,cubic,228,24.194,2.646,20.154,1448,10,14480,NaN,98022,98022,13872,NaN,71,105,68,34,NaN,NaN,9575824,995656,69,52736,43520,NaN,NaN
2026-04-10 15:17:53.721,54000,ESTAB,cubic,228,24.194,2.646,20.154,1448,10,14480,NaN,98022,98022,13872,NaN,71,105,68,34,NaN,NaN,9575824,995656,69,52736,43520,NaN,NaN
2026-04-10 15:17:53.968,54000,ESTAB,cubic,228,24.194,2.646,20.154,1448,10,14480,NaN,98022,98022,13872,NaN,71,105,68,34,NaN,NaN,9575824,995656,69,52736,43520,NaN,NaN
2026-04-10 15:17:54.228,54000,ESTAB,cubic,228,24.194,2.646,20.154,1448,10,14480,NaN,98022,98022,13872,NaN,71,105,68,34,NaN,NaN,9575824,995656,69,52736,43520,NaN,NaN
2026-04-10 15:17:54.493,54000,ESTAB,cubic,228,24.194,2.646,20.154,1448,10,14480,NaN,98022,98022,13872,NaN,71,105,68,34,NaN,NaN,9575824,995656,69,52736,43520,NaN,NaN
2026-04-10 15:17:54.747,54000,ESTAB,cubic,228,24.194,2.646,20.154,1448,10,14480,NaN,98022,98022,13872,NaN,71,105,68,34,NaN,NaN,9575824,995656,69,52736,43520,NaN,NaN
2026-04-10 15:17:55.022,54000,ESTAB,cubic,228,24.194,2.646,20.154,1448,10,14480,NaN,98022,98022,13872,NaN,71,105,68,34,NaN,NaN,9575824,995656,69,52736,43520,NaN,NaN
2026-04-10 15:17:55.285,54000,ESTAB,cubic,228,24.027,2.548,20.154,1448,10,14480,NaN,100905,100905,14280,NaN,73,108,70,35,NaN,NaN,9642184,995656,71,52736,43520,NaN,NaN
2026-04-10 15:17:55.536,54000,ESTAB,cubic,228,24.027,2.548,20.154,1448,10,14480,NaN,100905,100905,14280,NaN,73,108,70,35,NaN,NaN,9642184,995656,71,52736,43520,NaN,NaN
2026-04-10 15:17:55.813,54000,ESTAB,cubic,228,24.027,2.548,20.154,1448,10,14480,NaN,100905,100905,14280,NaN,73,108,70,35,NaN,NaN,9642184,995656,71,52736,43520,NaN,NaN
2026-04-10 15:17:56.074,54000,ESTAB,cubic,228,24.027,2.548,20.154,1448,10,14480,NaN,100905,100905,14280,NaN,73,108,70,35,NaN,NaN,9642184,995656,71,52736,43520,NaN,NaN
2026-04-10 15:17:56.334,54000,ESTAB,cubic,228,24.027,2.548,20.154,1448,10,14480,NaN,100905,100905,14280,NaN,73,108,70,35,NaN,NaN,9642184,995656,71,52736,43520,NaN,NaN
2026-04-10 15:17:56.600,54000,ESTAB,cubic,228,24.027,2.548,20.154,1448,10,14480,NaN,100905,100905,14280,NaN,73,108,70,35,NaN,NaN,9642184,995656,71,52736,43520,NaN,NaN
2026-04-10 15:17:56.848,54000,ESTAB,cubic,228,24.027,2.548,20.154,1448,10,14480,NaN,100905,100905,14280,NaN,73,108,70,35,NaN,NaN,9642184,995656,71,52736,43520,NaN,NaN
2026-04-10 15:17:57.104,54000,ESTAB,cubic,228,24.027,2.548,20.154,1448,10,14480,NaN,100905,100905,14280,NaN,73,108,70,35,NaN,NaN,9642184,995656,71,52736,43520,NaN,NaN
2026-04-10 15:17:57.361,54000,ESTAB,cubic,228,24.122,2.948,20.154,1448,10,14480,NaN,103788,103788,14688,NaN,75,111,72,36,NaN,NaN,9604456,995656,73,52736,43520,NaN,NaN
2026-04-10 15:17:57.619,54000,ESTAB,cubic,228,24.122,2.948,20.154,1448,10,14480,NaN,103788,103788,14688,NaN,75,111,72,36,NaN,NaN,9604456,995656,73,52736,43520,NaN,NaN
2026-04-10 15:17:57.879,54000,ESTAB,cubic,228,24.122,2.948,20.154,1448,10,14480,NaN,103788,103788,14688,NaN,75,111,72,36,NaN,NaN,9604456,995656,73,52736,43520,NaN,NaN
2026-04-10 15:17:58.147,54000,ESTAB,cubic,228,24.122,2.948,20.154,1448,10,14480,NaN,103788,103788,14688,NaN,75,111,72,36,NaN,NaN,9604456,995656,73,52736,43520,NaN,NaN
2026-04-10 15:17:58.417,54000,ESTAB,cubic,228,24.122,2.948,20.154,1448,10,14480,NaN,103788,103788,14688,NaN,75,111,72,36,NaN,NaN,9604456,995656,73,52736,43520,NaN,NaN
2026-04-10 15:17:58.682,54000,ESTAB,cubic,228,24.122,2.948,20.154,1448,10,14480,NaN,103788,103788,14688,NaN,75,111,72,36,NaN,NaN,9604456,995656,73,52736,43520,NaN,NaN
2026-04-10 15:17:58.945,54000,ESTAB,cubic,228,24.122,2.948,20.154,1448,10,14480,NaN,103788,103788,14688,NaN,75,111,72,36,NaN,NaN,9604456,995656,73,52736,43520,NaN,NaN
2026-04-10 15:17:59.201,54000,ESTAB,cubic,228,24.122,2.948,20.154,1448,10,14480,NaN,106671,103788,15096,NaN,77,112,74,37,NaN,NaN,9604456,995656,73,52736,43520,2,NaN
2026-04-10 15:17:59.457,54000,ESTAB,cubic,224,23.999,2.789,20.154,1448,10,14480,NaN,106671,106671,15096,NaN,77,114,74,37,NaN,NaN,9653728,995656,75,52736,43520,NaN,NaN
2026-04-10 15:17:59.713,54000,ESTAB,cubic,224,23.999,2.789,20.154,1448,10,14480,NaN,106671,106671,15096,NaN,77,114,74,37,NaN,NaN,9653728,995656,75,52736,43520,NaN,NaN
2026-04-10 15:17:59.971,54000,ESTAB,cubic,224,23.999,2.789,20.154,1448,10,14480,NaN,106671,106671,15096,NaN,77,114,74,37,NaN,NaN,9653728,995656,75,52736,43520,NaN,NaN
2026-04-10 15:18:00.241,54000,ESTAB,cubic,224,23.999,2.789,20.154,1448,10,14480,NaN,106671,106671,15096,NaN,77,114,74,37,NaN,NaN,9653728,995656,75,52736,43520,NaN,NaN
2026-04-10 15:18:00.524,54000,ESTAB,cubic,224,23.999,2.789,20.154,1448,10,14480,NaN,106671,106671,15096,NaN,77,114,74,37,NaN,NaN,9653728,995656,75,52736,43520,NaN,NaN
2026-04-10 15:18:00.802,54000,ESTAB,cubic,224,23.999,2.789,20.154,1448,10,14480,NaN,106671,106671,15096,NaN,77,114,74,37,NaN,NaN,9653728,995656,75,52736,43520,NaN,NaN
2026-04-10 15:18:01.053,54000,ESTAB,cubic,224,23.999,2.789,20.154,1448,10,14480,NaN,106671,106671,15096,NaN,77,114,74,37,NaN,NaN,9653728,995656,75,52736,43520,NaN,NaN
2026-04-10 15:18:01.304,54000,ESTAB,cubic,224,23.976,3.017,20.154,1448,10,14480,NaN,109554,109554,15504,NaN,79,117,76,38,NaN,NaN,9662840,995656,77,52736,43520,NaN,NaN
2026-04-10 15:18:01.552,54000,ESTAB,cubic,224,23.976,3.017,20.154,1448,10,14480,NaN,109554,109554,15504,NaN,79,117,76,38,NaN,NaN,9662840,995656,77,52736,43520,NaN,NaN
2026-04-10 15:18:01.805,54000,ESTAB,cubic,224,23.976,3.017,20.154,1448,10,14480,NaN,109554,109554,15504,NaN,79,117,76,38,NaN,NaN,9662840,995656,77,52736,43520,NaN,NaN
2026-04-10 15:18:02.073,54000,ESTAB,cubic,224,23.976,3.017,20.154,1448,10,14480,NaN,109554,109554,15504,NaN,79,117,76,38,NaN,NaN,9662840,995656,77,52736,43520,NaN,NaN
2026-04-10 15:18:02.335,54000,ESTAB,cubic,224,23.976,3.017,20.154,1448,10,14480,NaN,109554,109554,15504,NaN,79,117,76,38,NaN,NaN,9662840,995656,77,52736,43520,NaN,NaN
2026-04-10 15:18:02.592,54000,ESTAB,cubic,224,23.976,3.017,20.154,1448,10,14480,NaN,109554,109554,15504,NaN,79,117,76,38,NaN,NaN,9662840,995656,77,52736,43520,NaN,NaN
2026-04-10 15:18:02.859,54000,ESTAB,cubic,224,23.976,3.017,20.154,1448,10,14480,NaN,109554,109554,15504,NaN,79,117,76,38,NaN,NaN,9662840,995656,77,52736,43520,NaN,NaN
2026-04-10 15:18:03.129,54000,ESTAB,cubic,224,23.976,3.017,20.154,1448,10,14480,NaN,109554,109554,15504,NaN,79,117,76,38,NaN,NaN,9662840,995656,77,52736,43520,NaN,NaN
2026-04-10 15:18:03.389,54000,ESTAB,cubic,224,23.976,3.017,20.154,1448,10,14480,NaN,109554,109554,15504,NaN,79,117,76,38,NaN,NaN,9662840,995656,77,52736,43520,NaN,NaN
2026-04-10 15:18:03.650,54000,ESTAB,cubic,224,23.976,3.017,20.154,1448,10,14480,NaN,109554,109554,15504,NaN,79,117,76,38,NaN,NaN,9662840,995656,77,52736,43520,NaN,NaN
2026-04-10 15:18:03.918,54000,ESTAB,cubic,224,23.976,3.017,20.154,1448,10,14480,NaN,109554,109554,15504,NaN,79,117,76,38,NaN,NaN,9662840,995656,77,52736,43520,NaN,NaN
2026-04-10 15:18:04.177,54000,ESTAB,cubic,224,23.976,3.017,20.154,1448,10,14480,NaN,109554,109554,15504,NaN,79,117,76,38,NaN,NaN,9662840,995656,77,52736,43520,NaN,NaN
2026-04-10 15:18:04.424,54000,ESTAB,cubic,224,23.976,3.017,20.154,1448,10,14480,NaN,109554,109554,15504,NaN,79,117,76,38,NaN,NaN,9662840,995656,77,52736,43520,NaN,NaN
2026-04-10 15:18:04.684,54000,ESTAB,cubic,224,23.976,3.017,20.154,1448,10,14480,NaN,109554,109554,15504,NaN,79,117,76,38,NaN,NaN,9662840,995656,77,52736,43520,NaN,NaN
2026-04-10 15:18:04.937,54000,ESTAB,cubic,224,23.976,3.017,20.154,1448,10,14480,NaN,109554,109554,15504,NaN,79,117,76,38,NaN,NaN,9662840,995656,77,52736,43520,NaN,NaN
2026-04-10 15:18:05.173,54000,ESTAB,cubic,224,23.976,3.017,20.154,1448,10,14480,NaN,109554,109554,15504,NaN,79,117,76,38,NaN,NaN,9662840,995656,77,52736,43520,NaN,NaN
2026-04-10 15:18:05.439,54000,ESTAB,cubic,224,23.976,3.017,20.154,1448,10,14480,NaN,109554,109554,15504,NaN,79,117,76,38,NaN,NaN,9662840,995656,77,52736,43520,NaN,NaN
2026-04-10 15:18:05.704,54000,ESTAB,cubic,224,23.976,3.017,20.154,1448,10,14480,NaN,109554,109554,15504,NaN,79,117,76,38,NaN,NaN,9662840,995656,77,52736,43520,NaN,NaN
2026-04-10 15:18:05.968,54000,ESTAB,cubic,224,23.976,3.017,20.154,1448,10,14480,NaN,109554,109554,15504,NaN,79,117,76,38,NaN,NaN,9662840,995656,77,52736,43520,NaN,NaN
2026-04-10 15:18:06.210,54000,ESTAB,cubic,224,23.976,3.017,20.154,1448,10,14480,NaN,109554,109554,15504,NaN,79,117,76,38,NaN,NaN,9662840,995656,77,52736,43520,NaN,NaN
2026-04-10 15:18:06.456,54000,ESTAB,cubic,224,23.976,3.017,20.154,1448,10,14480,NaN,109554,109554,15504,NaN,79,117,76,38,NaN,NaN,9662840,995656,77,52736,43520,NaN,NaN
2026-04-10 15:18:06.710,54000,ESTAB,cubic,224,23.976,3.017,20.154,1448,10,14480,NaN,109554,109554,15504,NaN,79,117,76,38,NaN,NaN,9662840,995656,77,52736,43520,NaN,NaN
2026-04-10 15:18:06.986,54000,ESTAB,cubic,224,23.976,3.017,20.154,1448,10,14480,NaN,109554,109554,15504,NaN,79,117,76,38,NaN,NaN,9662840,995656,77,52736,43520,NaN,NaN
2026-04-10 15:18:07.272,54000,ESTAB,cubic,224,23.976,3.017,20.154,1448,10,14480,NaN,109554,109554,15504,NaN,79,117,76,38,NaN,NaN,9662840,995656,77,52736,43520,NaN,NaN
2026-04-10 15:18:07.536,54000,ESTAB,cubic,248,46.02,8.086,20.154,1448,12,17376,17376,157077,148389,16328,NaN,112,137,109,40,NaN,NaN,3624656,1045672,104,52736,43520,6,95568
2026-04-10 15:18:07.797,54000,ESTAB,cubic,244,43.866,5.059,20.154,1448,3,4344,2896,206309,201965,16328,NaN,146,160,143,40,NaN,NaN,950656,1045576,141,52736,43520,3,124528
2026-04-10 15:18:08.048,54000,ESTAB,cubic,236,32.747,3.371,20.154,1448,6,8688,2896,256989,248301,16328,NaN,181,177,178,40,NaN,NaN,2546912,1764992,173,52736,43520,6,152040
2026-04-10 15:18:08.301,54000,ESTAB,cubic,236,35.713,4.04,20.154,1448,5,7240,5792,310565,303325,16328,NaN,218,201,215,40,NaN,NaN,1946176,1668584,211,52736,43520,5,98464
2026-04-10 15:18:08.553,54000,ESTAB,cubic,236,33.914,2.969,20.154,1448,5,7240,5792,361245,354005,16328,NaN,253,223,250,40,NaN,NaN,2049408,1673792,246,52736,43520,5,99912
2026-04-10 15:18:08.807,54000,ESTAB,cubic,236,34.181,1.906,20.154,1448,4,5792,5792,414821,409029,16328,NaN,290,248,287,40,NaN,NaN,1626712,1743608,284,52736,43520,4,98464
2026-04-10 15:18:09.063,54000,ESTAB,cubic,236,33.276,3.397,20.154,1448,5,7240,5792,471293,464053,16328,NaN,329,270,326,40,NaN,NaN,2088656,1674568,322,52736,43520,5,98061
2026-04-10 15:18:09.318,54000,ESTAB,cubic,236,34.985,3.082,20.154,1448,6,8688,5792,526317,517629,16328,NaN,367,293,364,40,NaN,NaN,2383960,1670264,359,52736,43520,6,43037
2026-04-10 15:18:09.585,54000,ESTAB,cubic,232,29.743,2.814,20.154,1448,6,8688,5792,583586,574898,16744,NaN,407,318,404,41,NaN,NaN,2804128,1488464,399,52736,43520,6,149144
2026-04-10 15:18:09.858,54000,ESTAB,cubic,240,36.863,3.573,20.154,1448,5,7240,5792,641506,634266,16744,NaN,447,342,444,41,NaN,NaN,1885424,1674032,440,52736,43520,5,91224
2026-04-10 15:18:10.136,54000,ESTAB,cubic,236,34.163,3.768,20.154,1448,7,10136,5792,706666,697978,16744,NaN,492,367,489,41,NaN,NaN,2848272,1918352,484,52736,43520,6,104256
2026-04-10 15:18:10.400,54000,ESTAB,cubic,236,33.448,4.859,20.154,1448,7,10136,5792,767482,758794,16744,NaN,534,391,531,41,NaN,NaN,2909136,1577264,526,52736,43520,6,121632
2026-04-10 15:18:10.668,54000,ESTAB,cubic,236,34.757,4.187,20.154,1448,4,5792,5792,822506,816714,16744,NaN,572,415,569,41,NaN,NaN,1599760,1801648,566,52736,43520,4,144800
2026-04-10 15:18:10.929,54000,ESTAB,cubic,240,37.293,4.374,20.154,1448,5,7240,5792,883322,876082,16744,NaN,614,440,611,41,NaN,NaN,1863712,1374368,607,52736,43520,5,97075
2026-04-10 15:18:11.190,54000,ESTAB,cubic,236,32.061,2.274,20.154,1448,5,7240,5792,939794,932554,16744,NaN,653,464,650,41,NaN,NaN,2167808,1676952,646,52736,43520,5,40603
2026-04-10 15:18:11.447,54000,ESTAB,cubic,236,33.055,3.806,20.154,1448,5,7240,5792,987389,980397,17160,NaN,687,487,684,42,NaN,NaN,2102648,1481512,680,52736,43520,5,156384
2026-04-10 15:18:11.701,54000,ESTAB,cubic,240,37.128,4.45,20.154,1448,5,7240,5792,1042413,1035173,17160,NaN,725,508,722,42,NaN,NaN,1871960,1666328,718,52736,43520,5,101360
2026-04-10 15:18:11.969,54000,ESTAB,cubic,236,32.946,2.646,20.154,1448,6,8688,5792,1103229,1094541,17160,NaN,767,533,764,42,NaN,NaN,2531536,1579920,759,52736,43520,6,118736
2026-04-10 15:18:12.220,54000,ESTAB,cubic,232,31.929,3.12,20.154,1448,5,7240,5792,1161149,1153909,17160,NaN,807,559,804,42,NaN,NaN,2176824,1670264,800,52736,43520,5,139008
2026-04-10 15:18:12.485,54000,ESTAB,cubic,240,36.308,3.178,20.154,1448,6,8688,7240,1227757,1219069,17160,NaN,853,585,850,42,NaN,NaN,2297136,1965584,845,52736,43520,6,124528
2026-04-10 15:18:12.745,54000,ESTAB,cubic,232,31.831,3.518,20.154,1448,6,8688,5792,1290021,1281333,17160,NaN,896,611,893,42,NaN,NaN,2620216,1918352,888,52736,43520,6,102874
2026-04-10 15:18:13.013,54000,ESTAB,cubic,240,36.194,2.857,20.154,1448,6,8688,5792,1345045,1336357,17160,NaN,934,634,931,42,NaN,NaN,2304336,1665416,926,52736,43520,6,47850
2026-04-10 15:18:13.258,54000,ESTAB,cubic,236,34.366,2.853,20.154,1448,5,7240,5792,1392895,1388485,17160,NaN,968,656,965,42,NaN,NaN,2022408,1408984,962,52736,43520,4,NaN
2026-04-10 15:18:13.508,54000,ESTAB,cubic,236,33.413,6.82,20.154,1448,5,7240,5792,1411458,1404218,17984,NaN,981,664,978,44,NaN,NaN,2080120,1775728,974,52736,43520,5,147696
2026-04-10 15:18:13.753,54000,ESTAB,cubic,236,34.334,3.439,20.154,1448,5,7240,5792,1466482,1459242,17984,NaN,1019,685,1016,44,NaN,NaN,2024344,1413840,1012,52736,43520,5,92672
2026-04-10 15:18:13.999,54000,ESTAB,cubic,236,34.562,3.958,20.154,1448,5,7240,5792,1524402,1517162,17984,NaN,1059,710,1056,44,NaN,NaN,2010936,1779344,1052,52736,43520,5,112944
2026-04-10 15:18:14.259,54000,ESTAB,cubic,236,34.014,1.678,20.154,1448,5,7240,5792,1579426,1572186,17984,NaN,1097,733,1094,44,NaN,NaN,2043384,1670608,1090,52736,43520,5,110048
2026-04-10 15:18:14.505,54000,ESTAB,cubic,236,34.696,3.243,20.154,1448,4,5792,5792,1630106,1624314,17984,NaN,1132,756,1129,44,NaN,NaN,1602552,1675152,1126,52736,43520,4,137560
2026-04-10 15:18:14.765,54000,ESTAB,cubic,236,34.009,2.793,20.154,1448,5,7240,5792,1686578,1679338,17984,NaN,1171,780,1168,44,NaN,NaN,2043672,1657040,1164,52736,43520,5,117678
2026-04-10 15:18:15.012,54000,ESTAB,cubic,236,34.309,2.059,20.154,1448,5,7240,5792,1738706,1731466,17984,NaN,1207,802,1204,44,NaN,NaN,2025784,1675776,1200,52736,43520,5,65550
2026-04-10 15:18:15.259,54000,ESTAB,cubic,236,34.531,3.543,20.154,1448,6,8688,5792,1793730,1786490,17984,NaN,1245,825,1242,44,NaN,NaN,2415320,1341400,1238,52736,43520,5,10526
2026-04-10 15:18:15.513,54000,ESTAB,cubic,236,34.797,4.602,20.154,1448,5,7240,5792,1819923,1812683,18808,NaN,1264,839,1261,46,NaN,NaN,1997392,1871960,1257,53248,43520,5,149144
2026-04-10 15:18:15.776,54000,ESTAB,cubic,232,31.937,2.064,20.154,1448,5,7240,5792,1877843,1870603,18808,NaN,1304,862,1301,46,NaN,NaN,2176248,1971536,1297,53248,43520,5,91224
2026-04-10 15:18:16.035,54000,ESTAB,cubic,244,42.549,6.74,20.154,1448,5,7240,7240,1940107,1932867,18808,NaN,1347,887,1344,46,NaN,NaN,1633488,892464,1340,53248,43520,5,107152
2026-04-10 15:18:16.292,54000,ESTAB,cubic,236,35.128,2.305,20.154,1448,5,7240,5792,1993683,1986443,18808,NaN,1384,909,1381,46,NaN,NaN,1978544,1762568,1377,53248,43520,5,131768
2026-04-10 15:18:16.556,54000,ESTAB,cubic,236,35.101,2.897,20.154,1448,6,8688,5792,2053051,2044363,18808,NaN,1425,933,1422,46,NaN,NaN,2376112,1677496,1417,53248,43520,6,124528
2026-04-10 15:18:16.823,54000,ESTAB,cubic,236,35.663,3.593,20.154,1448,6,8688,5792,2108075,2099387,18808,NaN,1463,956,1460,46,NaN,NaN,2338688,1395960,1455,53248,43520,6,128994
2026-04-10 15:18:17.102,54000,ESTAB,cubic,236,33.71,3.14,20.154,1448,5,7240,5792,2167443,2160203,18808,NaN,1504,982,1501,46,NaN,NaN,2061776,1517768,1497,52736,43520,5,69626
2026-04-10 15:18:17.373,54000,ESTAB,cubic,236,35.001,2.99,20.154,1448,5,7240,5792,2226811,2219571,18808,NaN,1545,1007,1542,46,NaN,NaN,1985728,1337984,1538,53248,43520,5,10258
2026-04-10 15:18:17.630,54000,ESTAB,cubic,240,36.833,5.282,20.154,1448,6,8688,5792,2268664,2259976,19632,NaN,1575,1026,1572,48,NaN,NaN,2264376,1674648,1567,53248,43520,6,134664
2026-04-10 15:18:17.888,54000,ESTAB,cubic,236,34.694,2.61,20.154,1448,6,8688,5792,2323688,2316448,19632,NaN,1613,1049,1610,48,NaN,NaN,2403960,1335672,1606,52736,43520,5,157832
2026-04-10 15:18:18.149,54000,ESTAB,cubic,236,32.355,1.336,20.154,1448,5,7240,5792,2378712,2371472,19632,NaN,1651,1073,1648,48,NaN,NaN,2148112,1908400,1644,53248,43520,5,102808
2026-04-10 15:18:18.415,54000,ESTAB,cubic,236,34.211,2.019,20.154,1448,5,7240,5792,2436632,2429392,19632,NaN,1691,1097,1688,48,NaN,NaN,2031608,1670512,1684,53248,43520,5,97016
2026-04-10 15:18:18.667,54000,ESTAB,cubic,240,38.276,3.718,20.154,1448,6,8688,7240,2493104,2484416,19632,NaN,1730,1121,1727,48,NaN,NaN,2179032,1254704,1722,53248,43520,6,92672
2026-04-10 15:18:18.932,54000,ESTAB,cubic,236,34.728,2.525,20.154,1448,4,5792,5792,2545232,2539440,19632,NaN,1766,1145,1763,48,NaN,NaN,1601104,1675488,1760,52736,43520,4,118736
2026-04-10 15:18:19.185,54000,ESTAB,cubic,236,33.23,3.077,20.154,1448,5,7240,5792,2603152,2595912,19632,NaN,1806,1169,1803,48,NaN,NaN,2091600,1677472,1799,53248,43520,5,99759
2026-04-10 15:18:19.431,54000,ESTAB,cubic,236,33.923,2.834,20.154,1448,6,8688,5792,2656728,2648040,19632,NaN,1843,1191,1840,48,NaN,NaN,2458584,1760480,1835,53248,43520,6,46183
2026-04-10 15:18:19.678,54000,ESTAB,cubic,240,36.293,4.224,20.154,1448,6,8688,5792,2702911,2698720,19632,NaN,1875,1213,1872,48,NaN,NaN,2298088,1673904,1870,53248,43520,3,NaN
2026-04-10 15:18:19.940,54000,ESTAB,cubic,240,39.098,5.001,20.154,1448,4,5792,5792,2757687,2751895,20048,NaN,1913,1235,1910,49,NaN,NaN,1422120,1650376,1907,52736,43520,4,110048
2026-04-10 15:18:20.212,54000,ESTAB,cubic,236,32.9,3.352,20.154,1448,5,7240,5792,2818503,2811263,20048,NaN,1955,1259,1952,49,NaN,NaN,2112568,1856944,1948,53248,43520,5,101360
2026-04-10 15:18:20.470,54000,ESTAB,cubic,236,34.66,1.762,20.154,1448,5,7240,5792,2872079,2864839,20048,NaN,1992,1282,1989,49,NaN,NaN,2005280,1671424,1985,53248,43520,5,125976
2026-04-10 15:18:20.744,54000,ESTAB,cubic,240,36.252,3.982,20.154,1448,5,7240,5792,2929999,2922759,20048,NaN,2032,1306,2029,49,NaN,NaN,1917216,1646944,2025,53248,43520,5,120184
2026-04-10 15:18:21.011,54000,ESTAB,cubic,236,33.772,1.503,20.154,1448,5,7240,5792,2986471,2979231,20048,NaN,2071,1330,2068,49,NaN,NaN,2057984,1673112,2064,53248,43520,5,141904
2026-04-10 15:18:21.273,54000,ESTAB,cubic,240,37.525,7.237,20.154,1448,7,10136,5792,3053079,3042943,20048,NaN,2117,1354,2114,49,NaN,NaN,2593048,1737880,2108,53248,43520,7,136326
2026-04-10 15:18:21.533,54000,ESTAB,cubic,236,32.712,3.663,20.154,1448,7,10136,5792,3110999,3100863,20048,NaN,2157,1379,2154,49,NaN,NaN,2974592,2018528,2148,53248,43520,7,78406
2026-04-10 15:18:21.796,54000,ESTAB,cubic,236,35.979,3.478,20.154,1448,6,8688,5792,3166023,3157335,20048,NaN,2195,1403,2192,49,NaN,NaN,2318128,1665752,2187,53248,43520,6,23382
2026-04-10 15:18:22.062,54000,ESTAB,cubic,240,37.64,4.752,20.154,1448,6,8688,5792,3216669,3209429,20464,NaN,2231,1425,2228,50,NaN,NaN,2215848,1669880,2224,53248,43520,5,136112
2026-04-10 15:18:22.320,54000,ESTAB,cubic,236,32.787,2.496,20.154,1448,6,8688,5792,3276037,3267349,20464,NaN,2272,1448,2269,50,NaN,NaN,2543808,1857360,2264,53248,43520,6,154936
2026-04-10 15:18:22.573,54000,ESTAB,cubic,240,37.359,3.799,20.154,1448,5,7240,5792,3329613,3322373,20464,NaN,2309,1470,2306,50,NaN,NaN,1860416,1341632,2302,53248,43520,5,101360
2026-04-10 15:18:22.851,54000,ESTAB,cubic,236,33.585,3.205,20.154,1448,7,10136,5792,3397669,3387533,20464,NaN,2356,1498,2353,50,NaN,NaN,2897256,1968856,2347,53248,43520,7,69860
2026-04-10 15:18:23.111,54000,ESTAB,cubic,236,34.823,2.267,20.154,1448,4,5792,5792,3446901,3441109,20464,NaN,2390,1521,2387,50,NaN,NaN,1596696,1674080,2384,53248,43520,4,20628
2026-04-10 15:18:23.372,54000,ESTAB,cubic,236,33.62,1.894,20.154,1448,5,7240,5792,3467529,3467529,20464,NaN,2405,1533,2402,50,NaN,NaN,2067336,1671992,2403,53248,43520,NaN,NaN
2026-04-10 15:18:23.641,54000,ESTAB,cubic,232,31.358,2.33,20.154,1448,5,7240,5792,3477404,3470412,21288,NaN,2412,1537,2409,52,NaN,NaN,2216408,1671992,2405,53248,43520,5,156384
2026-04-10 15:18:23.904,54000,ESTAB,cubic,236,33.196,2.71,20.154,1448,5,7240,5792,3539668,3532428,21288,NaN,2455,1562,2452,52,NaN,NaN,2093720,1629024,2448,53248,43520,5,94120
2026-04-10 15:18:24.158,54000,ESTAB,cubic,240,37.523,6.529,20.154,1448,5,7240,5792,3597588,3590348,21288,NaN,2495,1584,2492,52,NaN,NaN,1852272,1668376,2488,53248,43520,5,114392
2026-04-10 15:18:24.417,54000,ESTAB,cubic,236,34.134,1.551,20.154,1448,5,7240,5792,3651164,3643924,21288,NaN,2532,1607,2529,52,NaN,NaN,2036200,1673112,2525,53248,43520,5,112944
2026-04-10 15:18:24.678,54000,ESTAB,cubic,236,35.335,2.751,20.154,1448,4,5792,5792,3706188,3700396,21288,NaN,2570,1631,2567,52,NaN,NaN,1573560,1682296,2564,52736,43520,4,110048
2026-04-10 15:18:24.922,54000,ESTAB,cubic,236,34.433,3.338,20.154,1448,4,5792,5792,3756868,3751076,21288,NaN,2605,1654,2602,52,NaN,NaN,1614816,1343224,2599,52736,43520,4,64745
2026-04-10 15:18:25.169,54000,ESTAB,cubic,236,32.16,1.344,20.154,1448,5,7240,5792,3810444,3803204,21288,NaN,2642,1676,2639,52,NaN,NaN,2161192,1757120,2635,53248,43520,5,11169
2026-04-10 15:18:25.428,54000,ESTAB,cubic,236,32.274,1.768,20.154,1448,6,8688,5792,3821613,3821613,21288,NaN,2650,1684,2647,52,NaN,NaN,2584216,1669880,2648,53248,43520,NaN,NaN
2026-04-10 15:18:25.678,54000,ESTAB,cubic,232,29.93,2.168,20.154,1448,6,8688,5792,3835832,3827392,22112,NaN,2660,1689,2657,54,NaN,NaN,2786600,1669880,2652,53248,43520,6,153488
2026-04-10 15:18:25.923,54000,ESTAB,cubic,236,35.737,3.56,20.154,1448,5,7240,5792,3887960,3880720,22112,NaN,2696,1711,2693,54,NaN,NaN,1944840,1672344,2689,53248,43520,5,101360
2026-04-10 15:18:26.170,54000,ESTAB,cubic,236,33.723,1.713,20.154,1448,6,8688,5792,3942984,3934296,22112,NaN,2734,1734,2731,54,NaN,NaN,2473176,1674032,2726,53248,43520,6,98464
2026-04-10 15:18:26.420,54000,ESTAB,cubic,236,34.291,3.914,20.154,1448,7,10136,5792,3998008,3989320,22112,NaN,2772,1757,2769,54,NaN,NaN,2837568,1672776,2764,53248,43520,6,95568
2026-04-10 15:18:26.674,54000,ESTAB,cubic,236,35.715,4.728,20.154,1448,6,8688,5792,4053032,4045792,22112,NaN,2810,1780,2807,54,NaN,NaN,2335248,1674432,2803,53248,43520,5,118736
2026-04-10 15:18:26.949,54000,ESTAB,cubic,236,34.453,3.241,20.154,1448,3,4344,4344,4106608,4102264,22112,NaN,2847,1804,2844,54,NaN,NaN,1210384,1516528,2842,52736,43520,3,117288
2026-04-10 15:18:27.203,54000,ESTAB,cubic,240,37.086,4.629,20.154,1448,5,7240,5792,4161632,4154392,22112,NaN,2885,1827,2882,54,NaN,NaN,1874088,1420824,2878,52736,43520,5,81036
2026-04-10 15:18:27.459,54000,ESTAB,cubic,236,33.022,3.407,20.154,1448,4,5792,4344,4210864,4205072,22112,NaN,2919,1849,2916,54,NaN,NaN,1683784,1331848,2913,53248,43520,4,31804
2026-04-10 15:18:27.728,54000,ESTAB,cubic,232,31.613,2.932,20.154,1448,6,8688,4344,4262679,4253991,22936,NaN,2955,1871,2952,56,NaN,NaN,2638272,1948688,2947,53248,43520,6,147696
2026-04-10 15:18:27.993,54000,ESTAB,cubic,240,39.973,4.044,20.154,1448,3,4344,2896,4316255,4311911,22936,NaN,2992,1895,2989,56,NaN,NaN,1043256,1364264,2987,52736,43520,3,146248
2026-04-10 15:18:28.250,54000,ESTAB,cubic,236,34.196,5.456,20.154,1448,6,8688,2896,4362591,4353903,22936,NaN,3024,1913,3021,56,NaN,NaN,2439000,1679664,3016,53248,43520,6,99912
2026-04-10 15:18:28.503,54000,ESTAB,cubic,236,35.345,2.989,20.154,1448,5,7240,5792,4414719,4407479,22936,NaN,3060,1935,3057,56,NaN,NaN,1966408,1667720,3053,53248,43520,5,99912
2026-04-10 15:18:28.763,54000,ESTAB,cubic,236,34.026,2.308,20.154,1448,5,7240,5792,4469743,4462503,22936,NaN,3098,1957,3095,56,NaN,NaN,2042640,1675616,3091,53248,43520,5,85450
2026-04-10 15:18:29.024,54000,ESTAB,cubic,236,35.721,5.176,20.154,1448,6,8688,4344,4523319,4514631,22936,NaN,3135,1980,3132,56,NaN,NaN,2334880,1676608,3127,53248,43520,6,31874
2026-04-10 15:18:29.281,54000,ESTAB,cubic,236,33.083,2.972,20.154,1448,5,7240,5792,4555193,4555193,22936,NaN,3158,1998,3155,56,NaN,NaN,2100864,1499312,3156,53248,43520,NaN,NaN
2026-04-10 15:18:29.530,54000,ESTAB,cubic,236,33.083,2.972,20.154,1448,5,7240,5792,4555193,4555193,22936,NaN,3158,1998,3155,56,NaN,NaN,2100864,1499312,3156,53248,43520,NaN,NaN
2026-04-10 15:18:29.786,54000,ESTAB,cubic,236,33.346,6.078,20.154,1448,6,8688,5792,4578100,4569412,23760,NaN,3174,2006,3171,58,NaN,NaN,2501160,1929752,3166,53248,43520,6,143352
2026-04-10 15:18:30.052,54000,ESTAB,cubic,236,34.418,3.576,20.154,1448,5,7240,5792,4633124,4625884,23760,NaN,3212,2029,3209,58,NaN,NaN,2019400,1872856,3205,53248,43520,5,166520
2026-04-10 15:18:30.306,54000,ESTAB,cubic,236,34.662,2.517,20.154,1448,5,7240,5792,4695388,4688148,23760,NaN,3255,2055,3252,58,NaN,NaN,2005192,1672096,3248,53248,43520,5,104256
2026-04-10 15:18:30.555,54000,ESTAB,cubic,236,33.371,2.4,20.154,1448,5,7240,5792,4748964,4741724,23760,NaN,3292,2079,3289,58,NaN,NaN,2082712,1675584,3285,52736,43520,5,102808
2026-04-10 15:18:30.824,54000,ESTAB,cubic,236,33.924,4.521,20.154,1448,7,10136,5792,4815572,4805436,23760,NaN,3338,2104,3335,58,NaN,NaN,2868304,2046584,3329,53248,43520,7,114392
2026-04-10 15:18:31.103,54000,ESTAB,cubic,236,34.525,3.882,20.154,1448,4,5792,5792,4876388,4870596,23760,NaN,3380,2133,3377,58,NaN,NaN,1610512,1058312,3374,52736,43520,4,131768
2026-04-10 15:18:31.381,54000,ESTAB,cubic,240,39.461,6.023,20.154,1448,5,7240,7240,4945892,4938652,23760,NaN,3428,2162,3425,58,NaN,NaN,1761312,1809712,3421,52736,43520,5,65981
2026-04-10 15:18:31.660,54000,ESTAB,cubic,236,33.454,4.814,20.154,1448,8,11584,7240,5011873,5011873,23760,NaN,3474,2194,3471,58,NaN,NaN,3324080,1953832,3472,53248,43520,NaN,NaN
2026-04-10 15:18:31.921,54000,ESTAB,cubic,248,44.837,12.566,20.154,1448,7,10136,8688,5059396,5050708,24584,NaN,3507,2210,3504,60,NaN,NaN,2170200,1672104,3499,52736,43520,6,121632
2026-04-10 15:18:32.182,54000,ESTAB,cubic,232,30.598,3.234,20.154,1448,6,8688,5792,5124556,5115868,24584,NaN,3552,2237,3549,60,NaN,NaN,2725800,2233016,3544,53248,43520,6,108600
2026-04-10 15:18:32.441,54000,ESTAB,cubic,240,37.88,3.429,20.154,1448,6,8688,7240,5181028,5172340,24584,NaN,3591,2260,3588,60,NaN,NaN,2201768,1670408,3583,53248,43520,6,130320
2026-04-10 15:18:32.697,54000,ESTAB,cubic,236,33.53,5.107,20.154,1448,7,10136,5792,5246188,5236052,24584,NaN,3636,2285,3633,60,NaN,NaN,2902000,1827272,3627,53248,43520,7,143352
2026-04-10 15:18:32.964,54000,ESTAB,cubic,236,34.137,3.037,20.154,1448,6,8688,5792,5301212,5292524,24584,NaN,3674,2308,3671,60,NaN,NaN,2443192,1857720,3666,53248,43520,6,140456
2026-04-10 15:18:33.228,54000,ESTAB,cubic,240,37.002,3.504,20.154,1448,6,8688,7240,5364924,5357684,24584,NaN,3718,2336,3715,60,NaN,NaN,2254048,1744664,3711,53248,43520,5,125791
2026-04-10 15:18:33.470,54000,ESTAB,cubic,236,33.429,2.192,20.154,1448,6,8688,5792,5421396,5412708,24584,NaN,3757,2359,3754,60,NaN,NaN,2494968,1671664,3749,53248,43520,6,69319
2026-04-10 15:18:33.737,54000,ESTAB,cubic,248,45.588,6.28,20.154,1448,6,8688,7240,5479316,5470628,24584,NaN,3797,2383,3794,60,NaN,NaN,1829528,1238632,3789,53248,43520,6,11399
2026-04-10 15:18:34.017,54000,ESTAB,cubic,240,36.999,3.681,20.154,1448,7,10136,5792,5541147,5531011,25000,NaN,3840,2408,3837,61,NaN,NaN,2629952,1745496,3831,53248,43520,7,112944
2026-04-10 15:18:34.268,54000,ESTAB,cubic,236,34.703,2.312,20.154,1448,6,8688,5792,5594723,5586035,25000,NaN,3877,2430,3874,61,NaN,NaN,2403360,1761712,3869,53248,43520,6,137560
2026-04-10 15:18:34.530,54000,ESTAB,cubic,236,32.775,3.214,20.154,1448,5,7240,5792,5652643,5645403,25000,NaN,3917,2455,3914,61,NaN,NaN,2120584,1756640,3910,53248,43520,5,131768
2026-04-10 15:18:34.779,54000,ESTAB,cubic,236,32.175,4.675,20.154,1448,5,7240,5792,5712011,5704771,25000,NaN,3958,2479,3955,61,NaN,NaN,2160160,1960264,3951,53248,43520,5,124528
2026-04-10 15:18:35.045,54000,ESTAB,cubic,240,36.706,3.074,20.154,1448,6,8688,7240,5775723,5767035,25000,NaN,4002,2503,3999,61,NaN,NaN,2272216,1700328,3994,53248,43520,6,112944
2026-04-10 15:18:35.310,54000,ESTAB,cubic,232,29.864,3.139,20.154,1448,6,8688,5792,5839435,5832195,25000,NaN,4046,2531,4043,61,NaN,NaN,2792784,2395064,4039,53248,43520,5,110297
2026-04-10 15:18:35.574,54000,ESTAB,cubic,236,35.857,2.302,20.154,1448,6,8688,7240,5901699,5893011,25000,NaN,4089,2557,4086,61,NaN,NaN,2326032,2232408,4081,53248,43520,6,48033
2026-04-10 15:18:35.835,54000,ESTAB,cubic,240,39.568,4.091,20.154,1448,6,8688,7240,5956724,5949732,25416,NaN,4128,2582,4125,62,NaN,NaN,2107872,1520448,4121,53248,43520,5,157832
2026-04-10 15:18:36.098,54000,ESTAB,cubic,232,31.772,4.407,20.154,1448,5,7240,5792,6021884,6014644,25416,NaN,4173,2608,4170,62,NaN,NaN,2187528,2096120,4166,53248,43520,5,92672
2026-04-10 15:18:36.348,54000,ESTAB,cubic,240,36.762,3.595,20.154,1448,5,7240,5792,6075460,6068220,25416,NaN,4210,2630,4207,62,NaN,NaN,1890608,1676408,4203,53248,43520,5,91224
2026-04-10 15:18:36.613,54000,ESTAB,cubic,236,33.466,1.398,20.154,1448,4,5792,5792,6130484,6124692,25416,NaN,4248,2655,4245,62,NaN,NaN,1661464,1674904,4242,53248,43520,4,114392
2026-04-10 15:18:36.865,54000,ESTAB,cubic,240,36.326,5.38,20.154,1448,7,10136,5792,6191300,6185508,25416,NaN,4290,2680,4287,62,NaN,NaN,2678672,1878424,4284,53248,43520,4,105704
2026-04-10 15:18:37.113,54000,ESTAB,cubic,236,34.76,1.542,20.154,1448,4,5792,5792,6241980,6236188,25416,NaN,4325,2703,4322,62,NaN,NaN,1599600,1674520,4319,52736,43520,4,115565
2026-04-10 15:18:37.375,54000,ESTAB,cubic,232,31.504,3.221,20.154,1448,5,7240,5792,6304244,6297004,25416,NaN,4368,2729,4365,62,NaN,NaN,2206152,1858488,4361,53248,43520,5,53301
2026-04-10 15:18:37.620,54000,ESTAB,cubic,240,36.603,4.267,20.154,1448,5,7240,5792,6354924,6347684,25416,NaN,4403,2750,4400,62,NaN,NaN,1898840,1676360,4396,53248,43520,5,2621
2026-04-10 15:18:37.867,54000,ESTAB,cubic,236,34.335,3.566,20.154,1448,5,7240,5792,6367420,6360428,26240,NaN,4412,2757,4409,64,NaN,NaN,2024232,1674416,4405,53248,43520,5,156384
2026-04-10 15:18:38.114,54000,ESTAB,cubic,244,40.175,4.353,20.154,1448,6,8688,7240,6426788,6418100,26240,NaN,4453,2779,4450,64,NaN,NaN,2076000,1409544,4445,52736,43520,6,97016
2026-04-10 15:18:38.386,54000,ESTAB,cubic,236,34.373,2.446,20.154,1448,5,7240,5792,6481812,6474572,26240,NaN,4491,2805,4488,64,NaN,NaN,2022040,1124056,4484,53248,43520,5,94120
2026-04-10 15:18:38.647,54000,ESTAB,cubic,240,37.172,7.157,20.154,1448,7,10136,7240,6545524,6536836,26240,NaN,4535,2829,4532,64,NaN,NaN,2617656,1677480,4527,52736,43520,6,160728
2026-04-10 15:18:38.903,54000,ESTAB,cubic,236,34.125,2.018,20.154,1448,5,7240,5792,6599100,6591860,26240,NaN,4572,2853,4569,64,NaN,NaN,2036696,1670168,4565,53248,43520,5,107152
2026-04-10 15:18:39.156,54000,ESTAB,cubic,236,35.184,2.919,20.154,1448,4,5792,5792,6649780,6643988,26240,NaN,4607,2876,4604,64,NaN,NaN,1580312,1675920,4601,52736,43520,4,108600
2026-04-10 15:18:39.419,54000,ESTAB,cubic,236,33.176,2.865,20.154,1448,5,7240,5792,6706252,6699012,26240,NaN,4646,2900,4643,64,NaN,NaN,2094976,1682616,4639,52736,43520,5,59250
2026-04-10 15:18:39.686,54000,ESTAB,cubic,236,33.933,1.52,20.154,1448,5,7240,5792,6762724,6755484,26240,NaN,4685,2924,4682,64,NaN,NaN,2048232,1670264,4678,53248,43520,5,2778
2026-04-10 15:18:39.945,54000,ESTAB,cubic,236,34.763,4.477,20.154,1448,7,10136,5792,6788409,6779721,27064,NaN,4703,2935,4700,66,NaN,NaN,2799040,1931840,4695,53248,43520,6,144800
2026-04-10 15:18:40.210,54000,ESTAB,cubic,236,34.688,2.483,20.154,1448,6,8688,5792,6843433,6834745,27064,NaN,4741,2957,4738,66,NaN,NaN,2404416,1589760,4733,53248,43520,6,89776
2026-04-10 15:18:40.478,54000,ESTAB,cubic,236,33.41,1.97,20.154,1448,6,8688,5792,6902801,6894113,27064,NaN,4782,2982,4779,66,NaN,NaN,2496352,1765472,4774,53248,43520,6,108600
2026-04-10 15:18:40.739,54000,ESTAB,cubic,236,34.943,2.57,20.154,1448,4,5792,5792,6954929,6949137,27064,NaN,4818,3005,4815,66,NaN,NaN,1591248,1675144,4812,53248,43520,4,108600
2026-04-10 15:18:40.999,54000,ESTAB,cubic,236,32.858,1.979,20.154,1448,5,7240,5792,7011401,7004161,27064,NaN,4857,3029,4854,66,NaN,NaN,2115264,1675048,4850,53248,43520,5,130320
2026-04-10 15:18:41.256,54000,ESTAB,cubic,236,35.256,2.648,20.154,1448,5,7240,5792,7066425,7059185,27064,NaN,4895,3052,4892,66,NaN,NaN,1971384,1342448,4888,53248,43520,5,102153
2026-04-10 15:18:41.515,54000,ESTAB,cubic,236,33.66,2.189,20.154,1448,5,7240,5792,7121449,7114209,27064,NaN,4933,3077,4930,66,NaN,NaN,2064864,1116200,4926,53248,43520,5,47129
2026-04-10 15:18:41.791,54000,ESTAB,cubic,236,33.232,2.475,20.154,1448,5,7240,5792,7168578,7168578,27064,NaN,4966,3101,4963,66,NaN,NaN,2091432,1406504,4964,53248,43520,NaN,NaN
2026-04-10 15:18:42.056,54000,ESTAB,cubic,240,37.949,5.148,20.154,1448,7,10136,5792,7210309,7200173,27888,NaN,4995,3114,4992,68,NaN,NaN,2564096,1670688,4986,53248,43520,7,124528
2026-04-10 15:18:42.312,54000,ESTAB,cubic,240,36.022,4.883,20.154,1448,6,8688,5792,7265333,7256645,27888,NaN,5033,3137,5030,68,NaN,NaN,2315376,1646624,5025,53248,43520,6,147696
2026-04-10 15:18:42.568,54000,ESTAB,cubic,236,33.591,2.105,20.154,1448,4,5792,5792,7317461,7311669,27888,NaN,5069,3161,5066,68,NaN,NaN,1655272,1676504,5063,53248,43520,4,95568
2026-04-10 15:18:42.824,54000,ESTAB,cubic,236,33.191,2.118,20.154,1448,5,7240,5792,7371037,7363797,27888,NaN,5106,3183,5103,68,NaN,NaN,2094016,1668920,5099,53248,43520,5,120184
2026-04-10 15:18:43.085,54000,ESTAB,cubic,236,34.923,1.393,20.154,1448,5,7240,5792,7427509,7420269,27888,NaN,5145,3206,5142,68,NaN,NaN,1990192,1674568,5138,53248,43520,5,141904
2026-04-10 15:18:43.327,54000,ESTAB,cubic,236,32.748,3.223,20.154,1448,5,7240,4344,7475293,7468053,27888,NaN,5178,3226,5175,68,NaN,NaN,2122384,1680416,5171,53248,43520,5,94120
2026-04-10 15:18:43.573,54000,ESTAB,cubic,236,34.914,3.115,20.154,1448,5,7240,5792,7527421,7521629,27888,NaN,5214,3249,5211,68,NaN,NaN,1990664,1674760,5208,53248,43520,4,50633
2026-04-10 15:18:43.832,54000,ESTAB,cubic,236,32.777,6.23,20.154,1448,5,7240,4344,7578054,7572309,27888,NaN,5249,3271,5246,68,NaN,NaN,2120504,1679664,5243,53248,43520,4,NaN
2026-04-10 15:18:44.060,54000,ESTAB,cubic,240,37.352,5.444,20.154,1448,7,10136,4344,7613993,7603857,28712,NaN,5274,3284,5271,70,NaN,NaN,2605048,1648064,5265,53248,43520,7,131768
2026-04-10 15:18:44.282,54000,ESTAB,cubic,224,23.084,3.96,20.058,1448,7,10136,5792,7684945,7674809,28712,NaN,5323,3310,5320,70,NaN,NaN,4215192,3451728,5314,53248,43520,7,139008
2026-04-10 15:18:44.506,54000,ESTAB,cubic,224,22.867,2.319,20.058,1448,13,18824,5792,7836985,7818161,28712,NaN,5428,3366,5425,70,NaN,NaN,7902496,6713416,5413,65024,43520,13,91224
2026-04-10 15:18:44.755,54000,ESTAB,cubic,228,26.882,0.871,20.058,1448,17,24616,5792,7992506,7991450,29118,NaN,5536,3435,5533,71,NaN,NaN,8790688,6536784,5533,75264,43520,1,NaN
2026-04-10 15:18:45.012,54000,ESTAB,cubic,232,31.692,10.274,20.058,1448,17,24616,5792,7992506,7992506,29118,NaN,5536,3436,5533,71,NaN,NaN,7456392,6536784,5534,75264,43520,NaN,NaN
2026-04-10 15:18:45.278,54000,ESTAB,cubic,232,31.692,10.274,20.058,1448,17,24616,5792,7992506,7992506,29118,NaN,5536,3436,5533,71,NaN,NaN,7456392,6536784,5534,75264,43520,NaN,NaN
2026-04-10 15:18:45.527,54000,ESTAB,cubic,232,31.692,10.274,20.058,1448,17,24616,5792,7992506,7992506,29118,NaN,5536,3436,5533,71,NaN,NaN,7456392,6536784,5534,75264,43520,NaN,NaN
2026-04-10 15:18:45.779,54000,ESTAB,cubic,232,31.692,10.274,20.058,1448,17,24616,5792,7992506,7992506,29118,NaN,5536,3436,5533,71,NaN,NaN,7456392,6536784,5534,75264,43520,NaN,NaN
2026-04-10 15:18:46.042,54000,ESTAB,cubic,228,26.519,2.802,20.058,1448,16,23168,17376,8047269,8024101,29942,NaN,5574,3450,5571,73,NaN,NaN,8386920,5905032,5556,75264,43520,16,105704
2026-04-10 15:18:46.295,54000,ESTAB,cubic,232,28.895,0.237,20.058,1448,20,28960,17376,8261573,8238405,29942,NaN,5722,3524,5719,73,NaN,NaN,9621552,6685216,5704,80384,43520,16,115840
2026-04-10 15:18:46.544,54000,ESTAB,cubic,228,26.772,1.034,20.058,1448,17,24616,20272,8471533,8446917,29942,NaN,5867,3602,5864,73,NaN,NaN,8826600,6695704,5848,80384,43520,17,141904
2026-04-10 15:18:46.794,54000,ESTAB,cubic,232,28.133,0.495,20.058,1448,20,28960,20272,8681493,8658325,29942,NaN,6012,3684,6009,73,NaN,NaN,9882152,6686856,5994,80384,43520,16,88328
2026-04-10 15:18:47.047,54000,ESTAB,cubic,232,28.356,0.549,20.058,1448,20,28960,20272,8892901,8868285,29942,NaN,6158,3759,6155,73,NaN,NaN,9804440,6694808,6139,80384,43520,17,47926
2026-04-10 15:18:47.310,54000,ESTAB,cubic,228,27.432,0.821,20.058,1448,20,28960,20272,8940827,8940827,29942,NaN,6192,3786,6189,73,NaN,NaN,10134592,5212480,6190,80896,43520,NaN,NaN
2026-04-10 15:18:47.557,54000,ESTAB,cubic,228,27.432,0.821,20.058,1448,20,28960,20272,8940827,8940827,29942,NaN,6192,3786,6189,73,NaN,NaN,10134592,5212480,6190,80896,43520,NaN,NaN
2026-04-10 15:18:47.822,54000,ESTAB,cubic,228,27.432,0.821,20.058,1448,20,28960,20272,8940827,8940827,29942,NaN,6192,3786,6189,73,NaN,NaN,10134592,5212480,6190,80896,43520,NaN,NaN
2026-04-10 15:18:48.077,54000,ESTAB,cubic,228,26.69,2.549,20.058,1448,19,27512,21720,9004278,8981110,30766,NaN,6236,3803,6233,75,NaN,NaN,9895656,5997992,6218,80896,43520,16,108600
2026-04-10 15:18:48.310,54000,ESTAB,cubic,232,29.105,0.531,20.058,1448,20,28960,21720,9202654,9178038,30766,NaN,6373,3871,6370,75,NaN,NaN,9551920,6700472,6354,80896,43520,17,144800
2026-04-10 15:18:48.544,54000,ESTAB,cubic,232,29.875,0.986,20.058,1448,20,28960,21720,9398134,9374966,30766,NaN,6508,3939,6505,75,NaN,NaN,9305816,6691600,6490,80896,43520,16,105704
2026-04-10 15:18:48.778,54000,ESTAB,cubic,232,29.091,0.495,20.058,1448,20,28960,21720,9596510,9571894,30766,NaN,6645,4007,6642,75,NaN,NaN,9556600,6707800,6626,80896,43520,17,141904
2026-04-10 15:18:49.011,54000,ESTAB,cubic,232,29.767,1.043,20.058,1448,20,28960,21720,9789094,9765926,30766,NaN,6778,4074,6775,75,NaN,NaN,9339616,6684600,6760,80896,43520,16,105704
2026-04-10 15:18:49.249,54000,ESTAB,cubic,232,29.088,0.493,20.058,1448,20,28960,21720,9987470,9962854,30766,NaN,6915,4142,6912,75,NaN,NaN,9557464,6704128,6896,80896,43520,17,141904
2026-04-10 15:18:49.485,54000,ESTAB,cubic,232,30.012,0.877,20.058,1448,20,28960,21720,10179543,10162678,30766,NaN,7048,4211,7045,75,NaN,NaN,9263256,6694256,7034,80896,43520,12,NaN
2026-04-10 15:18:49.734,54000,ESTAB,cubic,232,29.184,0.816,20.058,1448,20,28960,21720,10179543,10179543,30766,NaN,7048,4217,7045,75,NaN,NaN,9526024,6674248,7046,80896,43520,NaN,NaN
2026-04-10 15:18:49.980,54000,ESTAB,cubic,232,29.184,0.816,20.058,1448,20,28960,21720,10179543,10179543,30766,NaN,7048,4217,7045,75,NaN,NaN,9526024,6674248,7046,80896,43520,NaN,NaN
2026-04-10 15:18:50.232,54000,ESTAB,cubic,232,29.459,0.449,20.058,1448,21,30408,21720,10350146,10329874,31590,NaN,7166,4271,7163,77,NaN,NaN,9909208,6680504,7150,80896,43520,14,157832
2026-04-10 15:18:50.476,54000,ESTAB,cubic,232,29.88,0.989,20.058,1448,21,30408,21720,10558658,10535490,31590,NaN,7310,4342,7307,77,NaN,NaN,9769432,6687256,7292,80896,43520,16,105704
2026-04-10 15:18:50.709,54000,ESTAB,cubic,232,29.101,0.506,20.058,1448,21,30408,21720,10754138,10732418,31590,NaN,7445,4410,7442,77,NaN,NaN,10030856,6711680,7428,80896,43520,15,144800
2026-04-10 15:18:50.940,54000,ESTAB,cubic,232,29.773,1.031,20.058,1448,21,30408,21720,10949618,10923554,31590,NaN,7580,4476,7577,77,NaN,NaN,9804584,6698856,7560,80896,43520,18,105704
2026-04-10 15:18:51.168,54000,ESTAB,cubic,232,29.223,0.622,20.058,1448,21,30408,21720,11139306,11114690,31590,NaN,7711,4542,7708,77,NaN,NaN,9989024,6685216,7692,80896,43520,17,150592
2026-04-10 15:18:51.404,54000,ESTAB,cubic,232,29.658,1.134,20.058,1448,21,30408,21720,11334786,11311618,31590,NaN,7846,4610,7843,77,NaN,NaN,9842680,6307432,7828,80896,43520,16,40265
2026-04-10 15:18:51.642,54000,ESTAB,cubic,232,28.804,0.798,20.058,1448,21,30408,21720,11375051,11375051,31590,NaN,7874,4632,7871,77,NaN,NaN,10134544,5518064,7872,80896,43520,NaN,NaN
2026-04-10 15:18:51.874,54000,ESTAB,cubic,232,28.804,0.798,20.058,1448,21,30408,21720,11375051,11375051,31590,NaN,7874,4632,7871,77,NaN,NaN,10134544,5518064,7872,80896,43520,NaN,NaN
2026-04-10 15:18:52.105,54000,ESTAB,cubic,228,26.054,2.374,20.058,1448,19,27512,21720,11421126,11397958,32414,NaN,7906,4642,7903,79,NaN,NaN,10137072,5909952,7888,80896,43520,16,165072
2026-04-10 15:18:52.346,54000,ESTAB,cubic,232,29.436,0.755,20.058,1448,21,30408,21720,11620950,11597782,32414,NaN,8044,4711,8041,79,NaN,NaN,9916952,6689936,8026,80896,43520,16,121632
2026-04-10 15:18:52.586,54000,ESTAB,cubic,232,29.37,1.19,20.058,1448,21,30408,21720,11819326,11797606,32414,NaN,8181,4780,8178,79,NaN,NaN,9939152,6301856,8164,80896,43520,15,157832
2026-04-10 15:18:52.826,54000,ESTAB,cubic,232,29.108,0.519,20.058,1448,21,30408,21720,12024942,12000326,32414,NaN,8323,4850,8320,79,NaN,NaN,10028528,6694872,8304,80896,43520,17,108600
2026-04-10 15:18:53.067,54000,ESTAB,cubic,232,29.837,0.986,20.058,1448,21,30408,21720,12226214,12200150,32414,NaN,8462,4919,8459,79,NaN,NaN,9783552,6694496,8442,80896,43520,18,141904
2026-04-10 15:18:53.307,54000,ESTAB,cubic,232,28.958,0.355,20.058,1448,21,30408,21720,12427486,12402870,32414,NaN,8601,4989,8598,79,NaN,NaN,10080472,6703912,8582,80896,43520,17,64451
2026-04-10 15:18:53.545,54000,ESTAB,cubic,232,28.835,0.763,20.058,1448,21,30408,21720,12491937,12491937,32414,NaN,8646,5020,8643,79,NaN,NaN,10123560,5516560,8644,80896,43520,NaN,NaN
2026-04-10 15:18:53.777,54000,ESTAB,cubic,232,28.835,0.763,20.058,1448,21,30408,21720,12491937,12491937,32414,NaN,8646,5020,8643,79,NaN,NaN,10123560,5516560,8644,80896,43520,NaN,NaN
2026-04-10 15:18:54.011,54000,ESTAB,cubic,232,28.835,0.763,20.058,1448,21,30408,21720,12491937,12491937,32414,NaN,8646,5020,8643,79,NaN,NaN,10123560,5516560,8644,80896,43520,NaN,NaN
2026-04-10 15:18:54.243,54000,ESTAB,cubic,232,29.516,1.342,20.058,1448,22,31856,21720,12630684,12607516,33238,NaN,8742,5062,8739,81,NaN,NaN,10360944,6301216,8724,80896,43520,16,150592
2026-04-10 15:18:54.473,54000,ESTAB,cubic,232,29.311,0.682,20.058,1448,22,31856,21720,12818924,12798652,33238,NaN,8872,5128,8869,81,NaN,NaN,10433408,6697456,8856,80896,43520,14,118736
2026-04-10 15:18:54.704,54000,ESTAB,cubic,232,29.338,1.164,20.058,1448,22,31856,21720,13014404,12992684,33238,NaN,9007,5195,9004,81,NaN,NaN,10423672,6301216,8990,80896,43520,15,157832
2026-04-10 15:18:54.933,54000,ESTAB,cubic,232,29.327,0.709,20.058,1448,22,31856,21720,13206988,13183820,33238,NaN,9140,5261,9137,81,NaN,NaN,10427672,6678576,9122,80896,43520,16,121632
2026-04-10 15:18:55.159,54000,ESTAB,cubic,232,28.528,0.4,20.058,1448,22,31856,21720,13396676,13372060,33238,NaN,9271,5326,9268,81,NaN,NaN,10719856,6306144,9252,80896,43520,17,166520
2026-04-10 15:18:55.392,54000,ESTAB,cubic,232,29.72,0.749,20.058,1448,22,31856,21720,13589260,13566092,33238,NaN,9404,5393,9401,81,NaN,NaN,10289824,6694016,9386,80896,43520,16,130320
2026-04-10 15:18:55.634,54000,ESTAB,cubic,232,28.964,0.362,20.058,1448,22,31856,21720,13757707,13757228,33238,NaN,9521,5459,9518,81,NaN,NaN,10558496,6694656,9518,80896,43520,1,NaN
2026-04-10 15:18:55.866,54000,ESTAB,cubic,236,33.608,9.561,20.058,1448,22,31856,21720,13757707,13757707,33238,NaN,9521,5460,9518,81,NaN,NaN,9099344,2536456,9519,80896,43520,NaN,NaN
2026-04-10 15:18:56.109,54000,ESTAB,cubic,236,33.608,9.561,20.058,1448,10,14480,23168,13760590,13757707,33646,NaN,9523,5461,9520,82,NaN,NaN,9099344,2536456,9519,80896,43520,2,NaN
2026-04-10 15:18:56.345,54000,ESTAB,cubic,232,28.506,0.422,20.058,1448,25,36200,23168,13952926,13931206,34062,NaN,9656,5523,9653,83,NaN,NaN,12190952,5950616,9639,80896,43520,15,172312
2026-04-10 15:18:56.572,54000,ESTAB,cubic,232,29.912,0.9,20.058,1448,25,36200,23168,14142614,14119446,34062,NaN,9787,5588,9784,83,NaN,NaN,11618072,6692568,9769,80896,43520,16,139008
2026-04-10 15:18:56.802,54000,ESTAB,cubic,232,29.018,0.416,20.058,1448,25,36200,23168,14335198,14313478,34062,NaN,9920,5655,9917,83,NaN,NaN,11975704,6703056,9903,80896,43520,15,181000
2026-04-10 15:18:57.028,54000,ESTAB,cubic,232,29.752,1.071,20.058,1448,25,36200,23168,14524886,14501718,34062,NaN,10051,5720,10048,83,NaN,NaN,11680360,6686768,10033,80896,43520,16,147696
2026-04-10 15:18:57.256,54000,ESTAB,cubic,232,29.175,0.663,20.058,1448,25,36200,23168,14717470,14692854,34062,NaN,10184,5786,10181,83,NaN,NaN,11911464,6716008,10165,80896,43520,17,94863
2026-04-10 15:18:57.501,54000,ESTAB,cubic,236,34.592,10.795,20.058,1448,25,36200,23168,14812333,14812333,34062,NaN,10250,5828,10247,83,NaN,NaN,10046176,2746976,10248,80896,43520,NaN,NaN
2026-04-10 15:18:57.735,54000,ESTAB,cubic,236,34.592,10.795,20.058,1448,25,36200,23168,14812333,14812333,34062,NaN,10250,5828,10247,83,NaN,NaN,10046176,2746976,10248,80896,43520,NaN,NaN
2026-04-10 15:18:57.970,54000,ESTAB,cubic,236,34.592,10.795,20.058,1448,25,36200,23168,14812333,14812333,34062,NaN,10250,5828,10247,83,NaN,NaN,10046176,2746976,10248,80896,43520,NaN,NaN
2026-04-10 15:18:58.204,54000,ESTAB,cubic,228,27.496,2.271,20.058,1448,25,36200,26064,14872888,14849720,34886,NaN,10292,5844,10289,85,NaN,NaN,12638640,5998184,10274,80896,43520,16,189688
2026-04-10 15:18:58.430,54000,ESTAB,cubic,232,29.232,0.755,20.058,1448,25,36200,26064,15061128,15037960,34886,NaN,10422,5909,10419,85,NaN,NaN,11887984,6707584,10404,80896,43520,16,157832
2026-04-10 15:18:58.656,54000,ESTAB,cubic,232,29.018,1.009,20.058,1448,25,36200,26064,15253712,15229096,34886,NaN,10555,5975,10552,85,NaN,NaN,11975904,6297360,10536,80896,43520,17,121632
2026-04-10 15:18:58.886,54000,ESTAB,cubic,232,29.627,0.781,20.058,1448,25,36200,26064,15443400,15420232,34886,NaN,10686,6041,10683,85,NaN,NaN,11729488,6688216,10668,80896,43520,16,166520
2026-04-10 15:18:59.119,54000,ESTAB,cubic,232,28.542,0.418,20.058,1448,25,36200,26064,15635984,15614264,34886,NaN,10819,6108,10816,85,NaN,NaN,12175736,6314096,10802,80896,43520,15,130320
2026-04-10 15:18:59.354,54000,ESTAB,cubic,232,29.637,0.763,20.058,1448,25,36200,26064,15837256,15811192,34886,NaN,10958,6176,10955,85,NaN,NaN,11725536,6682432,10938,80896,43520,18,9957
2026-04-10 15:18:59.596,54000,ESTAB,cubic,236,33.663,10.672,20.058,1448,25,36200,26064,15847213,15847213,34886,NaN,10965,6189,10962,85,NaN,NaN,10323456,2730440,10963,80896,43520,NaN,NaN
2026-04-10 15:18:59.842,54000,ESTAB,cubic,236,33.663,10.672,20.058,1448,25,36200,26064,15847213,15847213,34886,NaN,10965,6189,10962,85,NaN,NaN,10323456,2730440,10963,80896,43520,NaN,NaN
2026-04-10 15:19:00.080,54000,ESTAB,cubic,236,33.663,10.672,20.058,1448,25,36200,26064,15847213,15847213,34886,NaN,10965,6189,10962,85,NaN,NaN,10323456,2730440,10963,80896,43520,NaN,NaN
2026-04-10 15:19:00.327,54000,ESTAB,cubic,232,29.508,1.327,20.058,1448,25,36200,26064,15985960,15962792,35710,NaN,11061,6232,11058,87,NaN,NaN,11777040,6304216,11043,80896,43520,16,111496
2026-04-10 15:19:00.562,54000,ESTAB,cubic,232,29.231,0.636,20.058,1448,25,36200,26064,16181440,16156824,35710,NaN,11196,6299,11193,87,NaN,NaN,11888544,6679864,11177,80896,43520,17,150592
2026-04-10 15:19:00.808,54000,ESTAB,cubic,232,29.954,0.933,20.058,1448,25,36200,26064,16388504,16362440,35710,NaN,11339,6370,11336,87,NaN,NaN,11601736,6676176,11319,80896,43520,18,178104
2026-04-10 15:19:01.047,54000,ESTAB,cubic,232,28.994,0.34,20.058,1448,25,36200,26064,16586880,16562264,35710,NaN,11476,6439,11473,87,NaN,NaN,11985720,6695520,11457,80896,43520,17,136112
2026-04-10 15:19:01.281,54000,ESTAB,cubic,232,30.171,0.702,20.058,1448,25,36200,26064,16785256,16762088,35710,NaN,11613,6508,11610,87,NaN,NaN,11518200,5843544,11595,80896,43520,16,172312
2026-04-10 15:19:01.506,54000,ESTAB,cubic,232,29.075,0.496,20.058,1448,25,36200,26064,16972048,16947432,35710,NaN,11742,6572,11739,87,NaN,NaN,11952536,6701976,11723,80896,43520,17,82853
2026-04-10 15:19:01.752,54000,ESTAB,cubic,236,34.558,11.272,20.058,1448,25,36200,26064,17054901,17054901,35710,NaN,11800,6610,11797,87,NaN,NaN,10056096,2673472,11798,80896,43520,NaN,NaN
2026-04-10 15:19:01.997,54000,ESTAB,cubic,236,34.558,11.272,20.058,1448,25,36200,26064,17054901,17054901,35710,NaN,11800,6610,11797,87,NaN,NaN,10056096,2673472,11798,80896,43520,NaN,NaN
2026-04-10 15:19:02.251,54000,ESTAB,cubic,228,27.062,3.622,20.058,1448,23,33304,26064,17108216,17083600,36534,NaN,11837,6623,11834,89,NaN,NaN,11814072,5923152,11818,80896,43520,17,196928
2026-04-10 15:19:02.482,54000,ESTAB,cubic,232,29.431,0.761,20.058,1448,25,36200,26064,17300800,17277632,36534,NaN,11970,6690,11967,89,NaN,NaN,11807752,6701760,11952,80896,43520,16,160728
2026-04-10 15:19:02.719,54000,ESTAB,cubic,232,29.135,1.217,20.058,1448,25,36200,26064,17499176,17474560,36534,NaN,12107,6758,12104,89,NaN,NaN,11927920,6316248,12088,80896,43520,17,118736
2026-04-10 15:19:02.955,54000,ESTAB,cubic,232,29.298,0.667,20.058,1448,25,36200,26064,17694656,17674384,36534,NaN,12242,6827,12239,89,NaN,NaN,11861352,6693800,12226,80896,43520,14,152
2026-04-10 15:19:03.191,54000,ESTAB,cubic,236,33.745,9.845,20.058,1448,25,36200,26064,17694808,17694808,36534,NaN,12243,6835,12240,89,NaN,NaN,10298256,2221344,12241,80896,43520,NaN,NaN
2026-04-10 15:19:03.425,54000,ESTAB,cubic,236,33.745,9.845,20.058,1448,25,36200,26064,17694808,17694808,36534,NaN,12243,6835,12240,89,NaN,NaN,10298256,2221344,12241,80896,43520,NaN,NaN
2026-04-10 15:19:03.653,54000,ESTAB,cubic,236,33.745,9.845,20.058,1448,25,36200,26064,17694808,17694808,36534,NaN,12243,6835,12240,89,NaN,NaN,10298256,2221344,12241,80896,43520,NaN,NaN
