timestamp,qdisc_type,sent_bytes,sent_pkts,dropped,overlimits,requeues,backlog_bytes,backlog_pkts,prob,delay_c_us,delay_l_us,pkts_in_c,pkts_in_l,maxq,ecn_mark,step_mark,memory_used_bytes
2026-04-27 19:02:40,cake,7576,36,0,11,0,0,0,NaN,NaN,NaN,NaN,NaN,NaN,NaN,NaN,NaN
2026-04-27 19:02:41,cake,212091,175,0,213,0,2964,2,NaN,NaN,NaN,NaN,NaN,NaN,NaN,NaN,NaN
2026-04-27 19:02:42,cake,1013022,717,0,1446,0,7410,5,NaN,NaN,NaN,NaN,NaN,NaN,NaN,NaN,NaN
2026-04-27 19:02:43,cake,1854637,1288,0,2698,0,13338,9,NaN,NaN,NaN,NaN,NaN,NaN,NaN,NaN,NaN
2026-04-27 19:02:44,cake,2724641,1876,0,3989,0,7410,5,NaN,NaN,NaN,NaN,NaN,NaN,NaN,NaN,NaN
2026-04-27 19:02:45,cake,3567394,2449,0,5291,0,11856,8,NaN,NaN,NaN,NaN,NaN,NaN,NaN,NaN,NaN
2026-04-27 19:02:46,cake,4037529,2768,0,5993,0,0,0,NaN,NaN,NaN,NaN,NaN,NaN,NaN,NaN,NaN
2026-04-27 19:02:47,cake,4803670,3286,0,7170,0,14820,10,NaN,NaN,NaN,NaN,NaN,NaN,NaN,NaN,NaN
2026-04-27 19:02:48,cake,5036761,3444,0,7491,0,0,0,NaN,NaN,NaN,NaN,NaN,NaN,NaN,NaN,NaN
2026-04-27 19:02:49,cake,5767113,3937,0,8601,0,7410,5,NaN,NaN,NaN,NaN,NaN,NaN,NaN,NaN,NaN
2026-04-27 19:02:50,cake,6341987,4326,0,9419,0,0,0,NaN,NaN,NaN,NaN,NaN,NaN,NaN,NaN,NaN
2026-04-27 19:02:51,cake,7004167,4773,0,10397,0,5928,4,NaN,NaN,NaN,NaN,NaN,NaN,NaN,NaN,NaN
2026-04-27 19:02:52,cake,7601807,5179,0,11300,0,0,0,NaN,NaN,NaN,NaN,NaN,NaN,NaN,NaN,NaN
2026-04-27 19:02:53,cake,8238793,5609,0,12270,0,4446,3,NaN,NaN,NaN,NaN,NaN,NaN,NaN,NaN,NaN
2026-04-27 19:02:54,cake,8779535,5976,0,13075,0,0,0,NaN,NaN,NaN,NaN,NaN,NaN,NaN,NaN,NaN
2026-04-27 19:02:55,cake,9381053,6383,0,13990,0,11856,8,NaN,NaN,NaN,NaN,NaN,NaN,NaN,NaN,NaN
2026-04-27 19:02:56,cake,10114519,6881,0,15061,0,0,0,NaN,NaN,NaN,NaN,NaN,NaN,NaN,NaN,NaN
2026-04-27 19:02:57,cake,10674444,7259,0,15907,0,10374,7,NaN,NaN,NaN,NaN,NaN,NaN,NaN,NaN,NaN
2026-04-27 19:02:58,cake,11226569,7634,0,16720,0,0,0,NaN,NaN,NaN,NaN,NaN,NaN,NaN,NaN,NaN
2026-04-27 19:02:59,cake,11742104,7983,0,17502,0,1482,1,NaN,NaN,NaN,NaN,NaN,NaN,NaN,NaN,NaN
2026-04-27 19:03:00,cake,12587399,8554,0,18797,0,0,0,NaN,NaN,NaN,NaN,NaN,NaN,NaN,NaN,NaN
2026-04-27 19:03:01,cake,13454508,9141,0,20088,0,0,0,NaN,NaN,NaN,NaN,NaN,NaN,NaN,NaN,NaN
2026-04-27 19:03:02,cake,14262981,9690,0,21288,0,0,0,NaN,NaN,NaN,NaN,NaN,NaN,NaN,NaN,NaN
2026-04-27 19:03:03,cake,14263202,9691,0,21288,0,0,0,NaN,NaN,NaN,NaN,NaN,NaN,NaN,NaN,NaN
2026-04-27 19:03:04,cake,14919527,10135,0,22285,0,8892,6,NaN,NaN,NaN,NaN,NaN,NaN,NaN,NaN,NaN
2026-04-27 19:03:05,cake,15256863,10364,0,22762,0,0,0,NaN,NaN,NaN,NaN,NaN,NaN,NaN,NaN,NaN
2026-04-27 19:03:06,cake,15853838,10767,0,23636,0,1482,1,NaN,NaN,NaN,NaN,NaN,NaN,NaN,NaN,NaN
2026-04-27 19:03:07,cake,16410540,11144,0,24478,0,0,0,NaN,NaN,NaN,NaN,NaN,NaN,NaN,NaN,NaN
2026-04-27 19:03:08,cake,16966020,11519,0,25320,0,11856,8,NaN,NaN,NaN,NaN,NaN,NaN,NaN,NaN,NaN
2026-04-27 19:03:09,cake,17668509,11995,0,26377,0,0,0,NaN,NaN,NaN,NaN,NaN,NaN,NaN,NaN,NaN
2026-04-27 19:03:10,cake,18184395,12349,0,27176,0,1482,1,NaN,NaN,NaN,NaN,NaN,NaN,NaN,NaN,NaN
2026-04-27 19:03:11,cake,19051597,12940,8,28783,0,10438,7,NaN,NaN,NaN,NaN,NaN,NaN,NaN,NaN,NaN
2026-04-27 19:03:12,cake,19915711,13520,19,30416,0,7538,5,NaN,NaN,NaN,NaN,NaN,NaN,NaN,NaN,NaN
2026-04-27 19:03:13,cake,20774859,14094,29,31969,0,16430,11,NaN,NaN,NaN,NaN,NaN,NaN,NaN,NaN,NaN
2026-04-27 19:03:14,cake,21649724,14679,36,33625,0,5992,4,NaN,NaN,NaN,NaN,NaN,NaN,NaN,NaN,NaN
2026-04-27 19:03:15,cake,22477467,15235,42,35149,0,10534,7,NaN,NaN,NaN,NaN,NaN,NaN,NaN,NaN,NaN
2026-04-27 19:03:16,cake,23356819,15823,50,36820,0,7474,5,NaN,NaN,NaN,NaN,NaN,NaN,NaN,NaN,NaN
2026-04-27 19:03:17,cake,24226328,16407,60,38460,0,10438,7,NaN,NaN,NaN,NaN,NaN,NaN,NaN,NaN,NaN
2026-04-27 19:03:18,cake,25103804,16993,66,40113,0,10534,7,NaN,NaN,NaN,NaN,NaN,NaN,NaN,NaN,NaN
2026-04-27 19:03:19,cake,25976386,17577,72,41779,0,16462,11,NaN,NaN,NaN,NaN,NaN,NaN,NaN,NaN,NaN
2026-04-27 19:03:20,cake,26839631,18154,80,43353,0,0,0,NaN,NaN,NaN,NaN,NaN,NaN,NaN,NaN,NaN
2026-04-27 19:03:21,cake,27708311,18734,87,44963,0,5992,4,NaN,NaN,NaN,NaN,NaN,NaN,NaN,NaN,NaN
2026-04-27 19:03:22,cake,28566150,19308,94,46564,0,1514,1,NaN,NaN,NaN,NaN,NaN,NaN,NaN,NaN,NaN
2026-04-27 19:03:23,cake,29432012,19887,104,48188,0,7474,5,NaN,NaN,NaN,NaN,NaN,NaN,NaN,NaN,NaN
2026-04-27 19:03:24,cake,30261143,20442,112,49688,0,0,0,NaN,NaN,NaN,NaN,NaN,NaN,NaN,NaN,NaN
2026-04-27 19:03:25,cake,31075038,20985,119,51178,0,7506,5,NaN,NaN,NaN,NaN,NaN,NaN,NaN,NaN,NaN
2026-04-27 19:03:26,cake,31920924,21553,128,52709,0,12048,8,NaN,NaN,NaN,NaN,NaN,NaN,NaN,NaN,NaN
2026-04-27 19:03:27,cake,32789093,22135,133,54353,0,13498,9,NaN,NaN,NaN,NaN,NaN,NaN,NaN,NaN,NaN
2026-04-27 19:03:28,cake,33650203,22710,142,55931,0,9020,6,NaN,NaN,NaN,NaN,NaN,NaN,NaN,NaN,NaN
2026-04-27 19:03:29,cake,34512167,23288,149,57521,0,5992,4,NaN,NaN,NaN,NaN,NaN,NaN,NaN,NaN,NaN
2026-04-27 19:03:30,cake,35373438,23864,158,59103,0,7570,5,NaN,NaN,NaN,NaN,NaN,NaN,NaN,NaN,NaN
2026-04-27 19:03:31,cake,36230223,24438,166,60666,0,7474,5,NaN,NaN,NaN,NaN,NaN,NaN,NaN,NaN,NaN
2026-04-27 19:03:32,cake,37070007,25000,176,62192,0,0,0,NaN,NaN,NaN,NaN,NaN,NaN,NaN,NaN,NaN
2026-04-27 19:03:33,cake,37933016,25577,181,63771,0,13626,9,NaN,NaN,NaN,NaN,NaN,NaN,NaN,NaN,NaN
2026-04-27 19:03:34,cake,38799444,26156,190,65351,0,6024,4,NaN,NaN,NaN,NaN,NaN,NaN,NaN,NaN,NaN
2026-04-27 19:03:35,cake,39664419,26737,198,66868,0,7474,5,NaN,NaN,NaN,NaN,NaN,NaN,NaN,NaN,NaN
2026-04-27 19:03:36,cake,40460504,27270,205,68283,0,6056,4,NaN,NaN,NaN,NaN,NaN,NaN,NaN,NaN,NaN
2026-04-27 19:03:37,cake,41321326,27845,214,69845,0,7506,5,NaN,NaN,NaN,NaN,NaN,NaN,NaN,NaN,NaN
2026-04-27 19:03:38,cake,42194676,28428,222,71405,0,4542,3,NaN,NaN,NaN,NaN,NaN,NaN,NaN,NaN,NaN
2026-04-27 19:03:39,cake,43064836,29009,229,72770,0,4542,3,NaN,NaN,NaN,NaN,NaN,NaN,NaN,NaN,NaN
2026-04-27 19:03:40,cake,43867584,29545,235,74204,0,12112,8,NaN,NaN,NaN,NaN,NaN,NaN,NaN,NaN,NaN
2026-04-27 19:03:41,cake,44739754,30128,242,75862,0,16494,11,NaN,NaN,NaN,NaN,NaN,NaN,NaN,NaN,NaN
2026-04-27 19:03:42,cake,45601485,30705,251,77492,0,1514,1,NaN,NaN,NaN,NaN,NaN,NaN,NaN,NaN,NaN
2026-04-27 19:03:43,cake,46401457,31239,258,78888,0,0,0,NaN,NaN,NaN,NaN,NaN,NaN,NaN,NaN,NaN
2026-04-27 19:03:44,cake,47270137,31819,266,80515,0,4510,3,NaN,NaN,NaN,NaN,NaN,NaN,NaN,NaN,NaN
2026-04-27 19:03:45,cake,48120986,32387,275,82129,0,17976,12,NaN,NaN,NaN,NaN,NaN,NaN,NaN,NaN,NaN
2026-04-27 19:03:46,cake,48983773,32966,284,83723,0,6024,4,NaN,NaN,NaN,NaN,NaN,NaN,NaN,NaN,NaN
2026-04-27 19:03:47,cake,49845268,33543,292,85344,0,5992,4,NaN,NaN,NaN,NaN,NaN,NaN,NaN,NaN,NaN
2026-04-27 19:03:48,cake,50713980,34123,301,86989,0,2996,2,NaN,NaN,NaN,NaN,NaN,NaN,NaN,NaN,NaN
2026-04-27 19:03:49,cake,51579393,34703,307,88632,0,13434,9,NaN,NaN,NaN,NaN,NaN,NaN,NaN,NaN,NaN
2026-04-27 19:03:50,cake,52452754,35288,316,90288,0,4542,3,NaN,NaN,NaN,NaN,NaN,NaN,NaN,NaN,NaN
2026-04-27 19:03:51,cake,53275095,35839,326,91795,0,13466,9,NaN,NaN,NaN,NaN,NaN,NaN,NaN,NaN,NaN
2026-04-27 19:03:52,cake,54149929,36425,333,93441,0,2996,2,NaN,NaN,NaN,NaN,NaN,NaN,NaN,NaN,NaN
2026-04-27 19:03:53,cake,54995982,36992,345,95001,0,8956,6,NaN,NaN,NaN,NaN,NaN,NaN,NaN,NaN,NaN
2026-04-27 19:03:54,cake,55836441,37554,351,96516,0,7538,5,NaN,NaN,NaN,NaN,NaN,NaN,NaN,NaN,NaN
2026-04-27 19:03:55,cake,56683014,38121,361,98059,0,7570,5,NaN,NaN,NaN,NaN,NaN,NaN,NaN,NaN,NaN
2026-04-27 19:03:56,cake,57545542,38697,368,99614,0,7506,5,NaN,NaN,NaN,NaN,NaN,NaN,NaN,NaN,NaN
2026-04-27 19:03:57,cake,58415076,39280,375,101232,0,7538,5,NaN,NaN,NaN,NaN,NaN,NaN,NaN,NaN,NaN
2026-04-27 19:03:58,cake,59265685,39849,385,102754,0,0,0,NaN,NaN,NaN,NaN,NaN,NaN,NaN,NaN,NaN
2026-04-27 19:03:59,cake,60125630,40425,391,104320,0,8924,6,NaN,NaN,NaN,NaN,NaN,NaN,NaN,NaN,NaN
2026-04-27 19:04:00,cake,61000462,41009,400,105954,0,8988,6,NaN,NaN,NaN,NaN,NaN,NaN,NaN,NaN,NaN
2026-04-27 19:04:01,cake,61861272,41586,407,107554,0,12048,8,NaN,NaN,NaN,NaN,NaN,NaN,NaN,NaN,NaN
2026-04-27 19:04:02,cake,62717680,42158,415,109124,0,13530,9,NaN,NaN,NaN,NaN,NaN,NaN,NaN,NaN,NaN
2026-04-27 19:04:03,cake,63576135,42735,424,110687,0,7506,5,NaN,NaN,NaN,NaN,NaN,NaN,NaN,NaN,NaN
2026-04-27 19:04:04,cake,64434684,43310,430,112294,0,12016,8,NaN,NaN,NaN,NaN,NaN,NaN,NaN,NaN,NaN
2026-04-27 19:04:05,cake,65208396,43826,437,113636,0,13563,10,NaN,NaN,NaN,NaN,NaN,NaN,NaN,NaN,NaN
2026-04-27 19:04:06,cake,66080043,44411,444,115285,0,9020,6,NaN,NaN,NaN,NaN,NaN,NaN,NaN,NaN,NaN
2026-04-27 19:04:07,cake,66901521,44961,450,116768,0,10534,7,NaN,NaN,NaN,NaN,NaN,NaN,NaN,NaN,NaN
2026-04-27 19:04:08,cake,67767301,45539,458,118364,0,10406,7,NaN,NaN,NaN,NaN,NaN,NaN,NaN,NaN,NaN
2026-04-27 19:04:09,cake,68632536,46121,466,120011,0,1482,1,NaN,NaN,NaN,NaN,NaN,NaN,NaN,NaN,NaN
2026-04-27 19:04:10,cake,69500800,46701,472,121642,0,19490,13,NaN,NaN,NaN,NaN,NaN,NaN,NaN,NaN,NaN
2026-04-27 19:04:11,cake,70350575,47270,479,123187,0,9020,6,NaN,NaN,NaN,NaN,NaN,NaN,NaN,NaN,NaN
2026-04-27 19:04:12,cake,71220705,47851,484,124795,0,10534,7,NaN,NaN,NaN,NaN,NaN,NaN,NaN,NaN,NaN
2026-04-27 19:04:13,cake,72027526,48391,493,126217,0,10534,7,NaN,NaN,NaN,NaN,NaN,NaN,NaN,NaN,NaN
2026-04-27 19:04:14,cake,72900909,48975,502,127846,0,1514,1,NaN,NaN,NaN,NaN,NaN,NaN,NaN,NaN,NaN
2026-04-27 19:04:15,cake,73747321,49542,507,129391,0,9052,6,NaN,NaN,NaN,NaN,NaN,NaN,NaN,NaN,NaN
2026-04-27 19:04:16,cake,74620738,50128,517,131018,0,5992,4,NaN,NaN,NaN,NaN,NaN,NaN,NaN,NaN,NaN
2026-04-27 19:04:17,cake,75459632,50691,525,132577,0,0,0,NaN,NaN,NaN,NaN,NaN,NaN,NaN,NaN,NaN
2026-04-27 19:04:18,cake,76326670,51270,531,134179,0,12048,8,NaN,NaN,NaN,NaN,NaN,NaN,NaN,NaN,NaN
2026-04-27 19:04:19,cake,77197058,51853,539,135806,0,9020,6,NaN,NaN,NaN,NaN,NaN,NaN,NaN,NaN,NaN
2026-04-27 19:04:20,cake,78048099,52422,545,137343,0,10534,7,NaN,NaN,NaN,NaN,NaN,NaN,NaN,NaN,NaN
2026-04-27 19:04:21,cake,78922867,53006,552,138969,0,3028,2,NaN,NaN,NaN,NaN,NaN,NaN,NaN,NaN,NaN
2026-04-27 19:04:22,cake,79779000,53579,560,140520,0,10598,7,NaN,NaN,NaN,NaN,NaN,NaN,NaN,NaN,NaN
2026-04-27 19:04:23,cake,80628479,54147,568,142053,0,0,0,NaN,NaN,NaN,NaN,NaN,NaN,NaN,NaN,NaN
2026-04-27 19:04:24,cake,81418760,54671,577,143489,0,6024,4,NaN,NaN,NaN,NaN,NaN,NaN,NaN,NaN,NaN
2026-04-27 19:04:25,cake,82288764,55254,585,145122,0,13498,9,NaN,NaN,NaN,NaN,NaN,NaN,NaN,NaN,NaN
2026-04-27 19:04:26,cake,83128726,55813,593,146679,0,11952,8,NaN,NaN,NaN,NaN,NaN,NaN,NaN,NaN,NaN
2026-04-27 19:04:27,cake,84000402,56395,599,148325,0,7442,5,NaN,NaN,NaN,NaN,NaN,NaN,NaN,NaN,NaN
2026-04-27 19:04:28,cake,84805980,56933,607,149797,0,13434,9,NaN,NaN,NaN,NaN,NaN,NaN,NaN,NaN,NaN
2026-04-27 19:04:29,cake,85674788,57513,615,151425,0,8988,6,NaN,NaN,NaN,NaN,NaN,NaN,NaN,NaN,NaN
2026-04-27 19:04:30,cake,86493195,58059,619,152935,0,13498,9,NaN,NaN,NaN,NaN,NaN,NaN,NaN,NaN,NaN
2026-04-27 19:04:31,cake,87361811,58639,631,154561,0,10470,7,NaN,NaN,NaN,NaN,NaN,NaN,NaN,NaN,NaN
2026-04-27 19:04:32,cake,88204391,59203,637,156110,0,12112,8,NaN,NaN,NaN,NaN,NaN,NaN,NaN,NaN,NaN
2026-04-27 19:04:33,cake,89067953,59780,650,157703,0,17912,12,NaN,NaN,NaN,NaN,NaN,NaN,NaN,NaN,NaN
2026-04-27 19:04:34,cake,89883039,60326,656,159174,0,9052,6,NaN,NaN,NaN,NaN,NaN,NaN,NaN,NaN,NaN
2026-04-27 19:04:35,cake,90759354,60912,664,160836,0,2996,2,NaN,NaN,NaN,NaN,NaN,NaN,NaN,NaN,NaN
2026-04-27 19:04:36,cake,91595363,61471,669,162335,0,6056,4,NaN,NaN,NaN,NaN,NaN,NaN,NaN,NaN,NaN
2026-04-27 19:04:37,cake,92468714,62055,681,164005,0,10502,7,NaN,NaN,NaN,NaN,NaN,NaN,NaN,NaN,NaN
2026-04-27 19:04:39,cake,93280071,62601,688,165477,0,7268,5,NaN,NaN,NaN,NaN,NaN,NaN,NaN,NaN,NaN
2026-04-27 19:04:40,cake,94142848,63179,700,167104,0,5928,4,NaN,NaN,NaN,NaN,NaN,NaN,NaN,NaN,NaN
2026-04-27 19:04:41,cake,94970755,63733,708,168627,0,0,0,NaN,NaN,NaN,NaN,NaN,NaN,NaN,NaN,NaN
2026-04-27 19:04:42,cake,95800601,64288,714,170153,0,10534,7,NaN,NaN,NaN,NaN,NaN,NaN,NaN,NaN,NaN
2026-04-27 19:04:43,cake,96652265,64858,721,171691,0,0,0,NaN,NaN,NaN,NaN,NaN,NaN,NaN,NaN,NaN
2026-04-27 19:04:44,cake,97513954,65436,731,173295,0,0,0,NaN,NaN,NaN,NaN,NaN,NaN,NaN,NaN,NaN
2026-04-27 19:04:45,cake,98361107,66003,737,174823,0,7538,5,NaN,NaN,NaN,NaN,NaN,NaN,NaN,NaN,NaN
2026-04-27 19:04:46,cake,99234297,66586,744,176440,0,11952,8,NaN,NaN,NaN,NaN,NaN,NaN,NaN,NaN,NaN
2026-04-27 19:04:47,cake,100047910,67131,751,177910,0,6024,4,NaN,NaN,NaN,NaN,NaN,NaN,NaN,NaN,NaN
2026-04-27 19:04:48,cake,100913722,67709,759,179509,0,9052,6,NaN,NaN,NaN,NaN,NaN,NaN,NaN,NaN,NaN
2026-04-27 19:04:49,cake,101736907,68259,766,180957,0,0,0,NaN,NaN,NaN,NaN,NaN,NaN,NaN,NaN,NaN
2026-04-27 19:04:50,cake,102601558,68837,773,182560,0,2996,2,NaN,NaN,NaN,NaN,NaN,NaN,NaN,NaN,NaN
2026-04-27 19:04:51,cake,103465834,69415,781,184149,0,5928,4,NaN,NaN,NaN,NaN,NaN,NaN,NaN,NaN,NaN
2026-04-27 19:04:52,cake,104327703,69993,789,185763,0,13498,9,NaN,NaN,NaN,NaN,NaN,NaN,NaN,NaN,NaN
2026-04-27 19:04:53,cake,105189134,70569,796,187352,0,0,0,NaN,NaN,NaN,NaN,NaN,NaN,NaN,NaN,NaN
2026-04-27 19:04:54,cake,106048933,71145,803,188924,0,2964,2,NaN,NaN,NaN,NaN,NaN,NaN,NaN,NaN,NaN
2026-04-27 19:04:55,cake,106911205,71721,811,190525,0,0,0,NaN,NaN,NaN,NaN,NaN,NaN,NaN,NaN,NaN
2026-04-27 19:04:56,cake,107768092,72294,818,192084,0,7506,5,NaN,NaN,NaN,NaN,NaN,NaN,NaN,NaN,NaN
2026-04-27 19:04:57,cake,108639704,72876,824,193687,0,8988,6,NaN,NaN,NaN,NaN,NaN,NaN,NaN,NaN,NaN
2026-04-27 19:04:58,cake,109481218,73439,833,195220,0,5928,4,NaN,NaN,NaN,NaN,NaN,NaN,NaN,NaN,NaN
2026-04-27 19:04:59,cake,110330344,74006,839,196767,0,10502,7,NaN,NaN,NaN,NaN,NaN,NaN,NaN,NaN,NaN
2026-04-27 19:05:00,cake,111200313,74590,844,198377,0,9052,6,NaN,NaN,NaN,NaN,NaN,NaN,NaN,NaN,NaN
2026-04-27 19:05:01,cake,112072065,75175,856,200005,0,1482,1,NaN,NaN,NaN,NaN,NaN,NaN,NaN,NaN,NaN
2026-04-27 19:05:02,cake,112921096,75743,863,201539,0,1482,1,NaN,NaN,NaN,NaN,NaN,NaN,NaN,NaN,NaN
2026-04-27 19:05:03,cake,113780907,76318,869,203049,0,3028,2,NaN,NaN,NaN,NaN,NaN,NaN,NaN,NaN,NaN
2026-04-27 19:05:04,cake,114646303,76896,878,204476,0,8956,6,NaN,NaN,NaN,NaN,NaN,NaN,NaN,NaN,NaN
2026-04-27 19:05:05,cake,115512394,77476,886,206084,0,8988,6,NaN,NaN,NaN,NaN,NaN,NaN,NaN,NaN,NaN
2026-04-27 19:05:06,cake,116377965,78056,893,207698,0,5992,4,NaN,NaN,NaN,NaN,NaN,NaN,NaN,NaN,NaN
2026-04-27 19:05:07,cake,117239140,78632,901,209269,0,4510,3,NaN,NaN,NaN,NaN,NaN,NaN,NaN,NaN,NaN
2026-04-27 19:05:08,cake,118079870,79196,908,210794,0,10438,7,NaN,NaN,NaN,NaN,NaN,NaN,NaN,NaN,NaN
2026-04-27 19:05:09,cake,118951386,79778,914,212400,0,12048,8,NaN,NaN,NaN,NaN,NaN,NaN,NaN,NaN,NaN
2026-04-27 19:05:10,cake,119785676,80334,924,213895,0,6024,4,NaN,NaN,NaN,NaN,NaN,NaN,NaN,NaN,NaN
2026-04-27 19:05:11,cake,120658741,80918,932,215527,0,13530,9,NaN,NaN,NaN,NaN,NaN,NaN,NaN,NaN,NaN
2026-04-27 19:05:12,cake,121488487,81487,933,216779,0,8892,6,NaN,NaN,NaN,NaN,NaN,NaN,NaN,NaN,NaN
2026-04-27 19:05:13,cake,122250237,82002,933,217905,0,1482,1,NaN,NaN,NaN,NaN,NaN,NaN,NaN,NaN,NaN
2026-04-27 19:05:14,cake,123120171,82589,933,219191,0,0,0,NaN,NaN,NaN,NaN,NaN,NaN,NaN,NaN,NaN
2026-04-27 19:05:15,cake,123611669,82923,933,219966,0,11856,8,NaN,NaN,NaN,NaN,NaN,NaN,NaN,NaN,NaN
2026-04-27 19:05:16,cake,124480121,83509,933,221247,0,10374,7,NaN,NaN,NaN,NaN,NaN,NaN,NaN,NaN,NaN
2026-04-27 19:05:17,cake,124858257,83766,933,221850,0,14820,10,NaN,NaN,NaN,NaN,NaN,NaN,NaN,NaN,NaN
2026-04-27 19:05:18,cake,125254567,84035,933,222496,0,0,0,NaN,NaN,NaN,NaN,NaN,NaN,NaN,NaN,NaN
2026-04-27 19:05:19,cake,125544773,84231,933,222984,0,10374,7,NaN,NaN,NaN,NaN,NaN,NaN,NaN,NaN,NaN
2026-04-27 19:05:20,cake,126199423,84673,933,223940,0,0,0,NaN,NaN,NaN,NaN,NaN,NaN,NaN,NaN,NaN
2026-04-27 19:05:21,cake,126451097,84843,933,224351,0,8892,6,NaN,NaN,NaN,NaN,NaN,NaN,NaN,NaN,NaN
2026-04-27 19:05:22,cake,127321031,85430,933,225659,0,13338,9,NaN,NaN,NaN,NaN,NaN,NaN,NaN,NaN,NaN
2026-04-27 19:05:23,cake,127720035,85701,933,226243,0,2964,2,NaN,NaN,NaN,NaN,NaN,NaN,NaN,NaN,NaN
2026-04-27 19:05:24,cake,128590011,86289,933,227547,0,4446,3,NaN,NaN,NaN,NaN,NaN,NaN,NaN,NaN,NaN
2026-04-27 19:05:25,cake,128957697,86538,933,228107,0,0,0,NaN,NaN,NaN,NaN,NaN,NaN,NaN,NaN,NaN
2026-04-27 19:05:26,cake,129821800,87122,933,229388,0,1482,1,NaN,NaN,NaN,NaN,NaN,NaN,NaN,NaN,NaN
2026-04-27 19:05:27,cake,130203745,87380,933,229944,0,10374,7,NaN,NaN,NaN,NaN,NaN,NaN,NaN,NaN,NaN
2026-04-27 19:05:28,cake,131075161,87968,933,231255,0,11856,8,NaN,NaN,NaN,NaN,NaN,NaN,NaN,NaN,NaN
2026-04-27 19:05:29,cake,131295794,88118,933,231547,0,1482,1,NaN,NaN,NaN,NaN,NaN,NaN,NaN,NaN,NaN
2026-04-27 19:05:30,cake,132159800,88701,933,232833,0,1482,1,NaN,NaN,NaN,NaN,NaN,NaN,NaN,NaN,NaN
2026-04-27 19:05:31,cake,132976540,89254,933,234080,0,14820,10,NaN,NaN,NaN,NaN,NaN,NaN,NaN,NaN,NaN
2026-04-27 19:05:32,cake,133847956,89842,933,235372,0,14820,10,NaN,NaN,NaN,NaN,NaN,NaN,NaN,NaN,NaN
2026-04-27 19:05:33,cake,134147408,90046,933,235805,0,0,0,NaN,NaN,NaN,NaN,NaN,NaN,NaN,NaN,NaN
2026-04-27 19:05:34,cake,134995112,90618,933,237061,0,1482,1,NaN,NaN,NaN,NaN,NaN,NaN,NaN,NaN,NaN
2026-04-27 19:05:35,cake,135103524,90693,933,237238,0,0,0,NaN,NaN,NaN,NaN,NaN,NaN,NaN,NaN,NaN
2026-04-27 19:05:36,cake,135905020,91234,933,238449,0,8892,6,NaN,NaN,NaN,NaN,NaN,NaN,NaN,NaN,NaN
2026-04-27 19:05:37,cake,136326999,91520,933,239092,0,0,0,NaN,NaN,NaN,NaN,NaN,NaN,NaN,NaN,NaN
2026-04-27 19:05:38,cake,137092927,92037,933,240233,0,8892,6,NaN,NaN,NaN,NaN,NaN,NaN,NaN,NaN,NaN
2026-04-27 19:05:39,cake,137141020,92071,933,240305,0,0,0,NaN,NaN,NaN,NaN,NaN,NaN,NaN,NaN,NaN
2026-04-27 19:05:40,cake,137861103,92558,933,241412,0,10374,7,NaN,NaN,NaN,NaN,NaN,NaN,NaN,NaN,NaN
2026-04-27 19:05:41,cake,138152616,92756,933,241813,0,0,0,NaN,NaN,NaN,NaN,NaN,NaN,NaN,NaN,NaN
2026-04-27 19:05:42,cake,138810358,93200,933,242795,0,8892,6,NaN,NaN,NaN,NaN,NaN,NaN,NaN,NaN,NaN
2026-04-27 19:05:43,cake,139439193,93625,933,243733,0,0,0,NaN,NaN,NaN,NaN,NaN,NaN,NaN,NaN,NaN
2026-04-27 19:05:44,cake,140071740,94052,933,244640,0,1482,1,NaN,NaN,NaN,NaN,NaN,NaN,NaN,NaN,NaN
2026-04-27 19:05:45,cake,140288305,94199,933,244982,0,0,0,NaN,NaN,NaN,NaN,NaN,NaN,NaN,NaN,NaN
2026-04-27 19:05:46,cake,140889731,94605,933,245910,0,8892,6,NaN,NaN,NaN,NaN,NaN,NaN,NaN,NaN,NaN
2026-04-27 19:05:47,cake,141394209,94947,933,246658,0,0,0,NaN,NaN,NaN,NaN,NaN,NaN,NaN,NaN,NaN
2026-04-27 19:05:48,cake,141928987,95309,933,247382,0,0,0,NaN,NaN,NaN,NaN,NaN,NaN,NaN,NaN,NaN
2026-04-27 19:05:49,cake,142369961,95608,933,248025,0,0,0,NaN,NaN,NaN,NaN,NaN,NaN,NaN,NaN,NaN
2026-04-27 19:05:50,cake,142884088,95957,933,248801,0,7410,5,NaN,NaN,NaN,NaN,NaN,NaN,NaN,NaN,NaN
2026-04-27 19:05:51,cake,143529637,96394,933,249760,0,0,0,NaN,NaN,NaN,NaN,NaN,NaN,NaN,NaN,NaN
2026-04-27 19:05:52,cake,143996188,96709,933,250482,0,48906,33,NaN,NaN,NaN,NaN,NaN,NaN,NaN,NaN,NaN
2026-04-27 19:05:53,cake,144734989,97209,933,251658,0,0,0,NaN,NaN,NaN,NaN,NaN,NaN,NaN,NaN,NaN
2026-04-27 19:05:54,cake,145161539,97497,933,252291,0,1482,1,NaN,NaN,NaN,NaN,NaN,NaN,NaN,NaN,NaN
2026-04-27 19:05:55,cake,145949290,98030,933,253488,0,0,0,NaN,NaN,NaN,NaN,NaN,NaN,NaN,NaN,NaN
2026-04-27 19:05:56,cake,146321006,98281,933,254004,0,11856,8,NaN,NaN,NaN,NaN,NaN,NaN,NaN,NaN,NaN
2026-04-27 19:05:57,cake,147152113,98843,933,255227,0,0,0,NaN,NaN,NaN,NaN,NaN,NaN,NaN,NaN,NaN
2026-04-27 19:05:58,cake,147495671,99075,933,255777,0,16302,11,NaN,NaN,NaN,NaN,NaN,NaN,NaN,NaN,NaN
2026-04-27 19:05:59,cake,148367184,99664,933,257074,0,8892,6,NaN,NaN,NaN,NaN,NaN,NaN,NaN,NaN,NaN
2026-04-27 19:06:00,cake,148697126,99887,933,257551,0,5928,4,NaN,NaN,NaN,NaN,NaN,NaN,NaN,NaN,NaN
